soulcity_Hard_P001_4.txt
kitti_score: (2.3000197003236007, 1.0549105360535251)
rpe_score: (0.65874155342097906, 21.370207865705144)
ate_score: 0.172041123824
sr: 0.620333672199



soulcity_Hard_P001_1.txt
kitti_score: (2.2741478636677339, 1.0641859346590083)
rpe_score: (0.62768241685485604, 21.595096054357622)
ate_score: 0.0823993789127
sr: 0.614109605809



soulcity_Hard_P001_5.txt
kitti_score: (2.2765894346247131, 1.0374683100369562)
rpe_score: (0.65413119580164503, 21.11271817223092)
ate_score: 0.184808043924
sr: 0.624483070539



soulcity_Hard_P001_3.txt
kitti_score: (2.7946430344531272, 0.98912744176451606)
rpe_score: (0.99251091388723178, 20.60536548716988)
ate_score: 1.65806507449
sr: 0.9730256639



soulcity_Hard_P001_2.txt
kitti_score: (2.2560907611163765, 1.0383585075644008)
rpe_score: (0.65299904297997013, 21.621888287687785)
ate_score: 0.148542533035
sr: 0.626557759336





average score:
average_kitti_score: [2.3802981588371104, 1.0368101460156813]
average_rpe_score: [0.7172130245889364, 21.261055173430268]
average_ate_score: 0.449171230836
average_sr: 0.691701954357
