kitti_score: (5.4849845275386455, 1.1241306407845508)
rpe_score: (1.4250515369884724, 16.930050859769537)
ate_score: 0.132479838274
sr: 0.330037269962
