ocean_Easy_P000_3.txt
kitti_score: (5.4779798900041161, 1.1211822940250615)
rpe_score: (1.3503994691881385, 15.912144998293376)
ate_score: 0.0563352093126
sr: 0.318630479087



ocean_Easy_P000_2.txt
kitti_score: (5.5998300043251108, 1.1271761877219151)
rpe_score: (1.3826988314244175, 16.084853695503845)
ate_score: 0.0576670844998
sr: 0.318630479087



ocean_Easy_P000_4.txt
kitti_score: (5.5738897117099171, 1.0695669406124644)
rpe_score: (1.3205413531173831, 14.847933114201814)
ate_score: 0.225954732003
sr: 0.310265437262



ocean_Easy_P000_1.txt
kitti_score: (5.4849845275386455, 1.1241306407845508)
rpe_score: (1.404475301022055, 16.76734762803596)
ate_score: 0.132479838274
sr: 0.330037269962



ocean_Easy_P000_5.txt
kitti_score: (5.9161975065214758, 0.95421775697217681)
rpe_score: (1.5115671134855466, 13.334763607226263)
ate_score: 9.8382522891
sr: 0.326235011407





average score:
average_kitti_score: [5.610576328019853, 1.079254764023234]
average_rpe_score: [1.393936413647508, 15.389408608652252]
average_ate_score: 2.06213783064
average_sr: 0.320759735361
