kitti_score: (4.5767064249602338, 1.3202961656240511)
rpe_score: (1.2123944483381657, 27.36199034813227)
ate_score: 9.59723260195
sr: 0.949995428571
