ocean_Hard_P002_2.txt
kitti_score: (3.5607312542105829, 0.95784246423171793)
rpe_score: (1.0099571995550307, 31.0472912898638)
ate_score: 0.233817222076
sr: 0.671449888357



ocean_Hard_P002_1.txt
kitti_score: (3.8171435566159246, 1.0228575860575786)
rpe_score: (1.4582571706913834, 33.968089154978379)
ate_score: 2.70972548304
sr: 0.786281020734



ocean_Hard_P002_3.txt
kitti_score: (3.4282969761028887, 0.99806959022608077)
rpe_score: (1.0260129984938564, 31.409464670033515)
ate_score: 0.197365004089
sr: 0.604464322169



ocean_Hard_P002_4.txt
kitti_score: (3.5833689060090821, 0.95357428438804304)
rpe_score: (1.0244225101051914, 31.389702063800517)
ate_score: 0.208454303417
sr: 0.666665199362



ocean_Hard_P002_5.txt
kitti_score: (3.7872172411527258, 1.019514790519094)
rpe_score: (1.430889667416811, 34.139626170414175)
ate_score: 2.46866658641
sr: 0.7799015311





average score:
average_kitti_score: [3.6353515868182407, 0.9903717430845029]
average_rpe_score: [1.1899079092524547, 32.39083466981808]
average_ate_score: 1.16360571981
average_sr: 0.701752392344
