kitti_score: (3.0274696504503567, 0.84845001399657893)
rpe_score: (1.0813932730553601, 30.444554163860804)
ate_score: 0.221395636822
sr: 0.9990440965
