japanese_Hard_P002_2.txt
kitti_score: (2.1411173163352464, 0.66791701230397083)
rpe_score: (0.89076437189013036, 14.524902037388863)
ate_score: 0.0793137357928
sr: 0.999999410256



japanese_Hard_P002_4.txt
kitti_score: (2.188091826574555, 0.66659974640086905)
rpe_score: (0.86529509836401008, 14.458236736392241)
ate_score: 0.112455580392
sr: 0.997435358974



japanese_Hard_P002_3.txt
kitti_score: (2.1892753383465848, 0.65622914177143365)
rpe_score: (0.87606943246267166, 14.407686328777743)
ate_score: 0.0546389684842
sr: 0.994871282051



japanese_Hard_P002_1.txt
kitti_score: (2.1244641591154041, 0.66909991294927074)
rpe_score: (0.87194660542610003, 14.140660686500306)
ate_score: 0.0600967189006
sr: 0.997435358974



japanese_Hard_P002_5.txt
kitti_score: (2.1685396321187307, 0.65880051549637875)
rpe_score: (0.86490520577929897, 14.479768625230415)
ate_score: 0.057772858053
sr: 0.994871282051





average score:
average_kitti_score: [2.1622976544981043, 0.6637292657843846]
average_rpe_score: [0.8737961427844422, 14.402250882857913]
average_ate_score: 0.0728555723246
average_sr: 0.996922538462
