japanese_Hard_P003_5.txt
kitti_score: (2.7119229544275201, 0.61040775670686287)
rpe_score: (1.0389485249534898, 10.547183986086388)
ate_score: 0.034673149909
sr: 0.990262337662



japanese_Hard_P003_4.txt
kitti_score: (2.7138614228782925, 0.60883478798911395)
rpe_score: (1.0436452663062603, 10.705132356922466)
ate_score: 0.041393638134
sr: 1.00000262987



japanese_Hard_P003_2.txt
kitti_score: (2.7264396679647076, 0.62841227032049685)
rpe_score: (1.0489296530623726, 10.489736391789254)
ate_score: 0.71162295153
sr: 0.996755876623



japanese_Hard_P003_3.txt
kitti_score: (2.7021275317993387, 0.59958753986768687)
rpe_score: (1.0243825317180473, 10.340700666861538)
ate_score: 0.0914252666358
sr: 0.990262337662



japanese_Hard_P003_1.txt
kitti_score: (2.6890466442739069, 0.5968570447812489)
rpe_score: (1.0201046643889979, 10.549973088804112)
ate_score: 0.101586272388
sr: 0.996755876623





average score:
average_kitti_score: [2.708679644268753, 0.6088198799330818]
average_rpe_score: [1.0352021280858337, 10.526545298092751]
average_ate_score: 0.196140255719
average_sr: 0.994807811688
