soulcity_Easy_P002_1.txt
kitti_score: (5.9993860001471138, 1.2575170019574222)
rpe_score: (1.7955825958028861, 24.852112949904537)
ate_score: 0.361253267739
sr: 0.872953829401



soulcity_Easy_P002_4.txt
kitti_score: (5.7792660728344698, 1.2917155500933155)
rpe_score: (1.7094042584756564, 26.950520364786293)
ate_score: 0.168222005649
sr: 0.947363956443



soulcity_Easy_P002_3.txt
kitti_score: (5.787010030520257, 1.2795462512406701)
rpe_score: (1.7589549364972583, 27.417934942346434)
ate_score: 0.404613269721
sr: 0.954623484574



soulcity_Easy_P002_5.txt
kitti_score: (5.9976377483850616, 1.2661224224295151)
rpe_score: (1.7765654785265499, 24.798796899395278)
ate_score: 0.21373711232
sr: 0.862064591652



soulcity_Easy_P002_2.txt
kitti_score: (5.801414120571609, 1.2761230470094187)
rpe_score: (1.7632175789778957, 26.326112060477449)
ate_score: 0.351423866487
sr: 0.952808638838





average score:
average_kitti_score: [5.872942794491702, 1.2742048545460682]
average_rpe_score: [1.7607449696560493, 26.069095443381997]
average_ate_score: 0.299849904383
average_sr: 0.917962900181
