ocean_Easy_P002_2.txt
kitti_score: (4.154754635729871, 1.0367541261728106)
rpe_score: (1.1986271606448906, 19.659123389846378)
ate_score: 0.538445821967
sr: 0.994281352381



ocean_Easy_P002_1.txt
kitti_score: (4.1866416686892043, 1.0386438220505529)
rpe_score: (1.2349296176167688, 20.157373237991479)
ate_score: 0.744043438891
sr: 0.999995638095



ocean_Easy_P002_3.txt
kitti_score: (4.1250712129874803, 1.0413500170013912)
rpe_score: (1.2075739221083874, 19.853406938720461)
ate_score: 0.215405149857
sr: 0.999995638095



ocean_Easy_P002_5.txt
kitti_score: (4.2013134675962949, 1.0339061518014936)
rpe_score: (1.2288891888937641, 19.271504320718428)
ate_score: 0.700850822415
sr: 0.982853047619



ocean_Easy_P002_4.txt
kitti_score: (4.1783861802110565, 1.0090086852428044)
rpe_score: (1.2050223675628144, 19.262438873416883)
ate_score: 0.35894629419
sr: 0.998090914286





average score:
average_kitti_score: [4.169233433042781, 1.0319325604538103]
average_rpe_score: [1.2150084513653252, 19.640769352138726]
average_ate_score: 0.511538305464
average_sr: 0.995043318095
