kitti_score: (3.9348410738701021, 0.8043262216791579)
rpe_score: (1.1729948367179339, 13.330469577544518)
ate_score: 1.9386945492
sr: 0.999992113402
