ocean_Hard_P000_5.txt
kitti_score: (4.0805060335746841, 1.1618992677740616)
rpe_score: (0.96849651350654908, 13.324180740899974)
ate_score: 0.302809083197
sr: 0.26405686747



ocean_Hard_P000_2.txt
kitti_score: (4.6326610758125506, 1.0322753381568803)
rpe_score: (1.1349164634330438, 13.258817601198439)
ate_score: 0.0587652213463
sr: 0.245984638554



ocean_Hard_P000_1.txt
kitti_score: (4.3516188596633585, 1.1304167630137842)
rpe_score: (0.95380222297770589, 12.340897245327225)
ate_score: 0.070318511477
sr: 0.23092434739



ocean_Hard_P000_3.txt
kitti_score: (4.3913753038036862, 1.0915883714835557)
rpe_score: (1.1101042065866666, 14.507324054670018)
ate_score: 0.341516940737
sr: 0.277109126506



ocean_Hard_P000_4.txt
kitti_score: (4.5345338837903029, 1.0393531787109898)
rpe_score: (1.1365961044921158, 13.367103511851726)
ate_score: 0.0824351308169
sr: 0.24498062249





average score:
average_kitti_score: [4.398139031328917, 1.0911065838278542]
average_rpe_score: [1.0607831021992162, 13.359664630789476]
average_ate_score: 0.171168977515
average_sr: 0.252611120482
