japanese_Hard_P004_1.txt
kitti_score: (4.2220520501625209, 0.91400191296563316)
rpe_score: (1.5900893859196006, 23.141114116239365)
ate_score: 0.0676307955574
sr: 0.997230554017



japanese_Hard_P004_4.txt
kitti_score: (4.226047254711685, 0.90862726337109612)
rpe_score: (1.5864696325446417, 23.359288955472771)
ate_score: 0.0632095043897
sr: 1.00000058172



japanese_Hard_P004_2.txt
kitti_score: (4.2590309263610759, 0.90407145329325744)
rpe_score: (1.5882647024293315, 23.120926525528713)
ate_score: 0.0701651367216
sr: 1.00000058172



japanese_Hard_P004_5.txt
kitti_score: (4.2191183700506709, 0.89831449247082396)
rpe_score: (1.5607297680778232, 23.452641784767767)
ate_score: 0.0766538180458
sr: 1.00000058172



japanese_Hard_P004_3.txt
kitti_score: (4.2523483777602902, 0.9052416226782054)
rpe_score: (1.5870534932847702, 23.242106256066119)
ate_score: 0.0769995257918
sr: 1.00000058172





average score:
average_kitti_score: [4.235719395809248, 0.9060513489558032]
average_rpe_score: [1.5825213964512335, 23.263215527614946]
average_ate_score: 0.0709317561012
average_sr: 0.999446576177
