ocean_Easy_P000_3.txt
kitti_score: (5.4069888421746581, 1.1378040902891251)
rpe_score: (1.3733848794212438, 16.782999924542519)
ate_score: 0.137542638973
sr: 0.326235041825



ocean_Easy_P000_2.txt
kitti_score: (5.539534877131933, 1.1192972241875196)
rpe_score: (1.3663902565380128, 16.318506466321466)
ate_score: 0.0943891101784
sr: 0.319390927757



ocean_Easy_P000_4.txt
kitti_score: (5.5558220735903081, 1.1385371447591459)
rpe_score: (1.3536633253948922, 16.173486005790135)
ate_score: 0.0511112902673
sr: 0.315588653992



ocean_Easy_P000_1.txt
kitti_score: (5.2686476334286638, 1.0305866415787888)
rpe_score: (1.6634237964067451, 22.097205413546973)
ate_score: 4.67013159632
sr: 0.572618958175



ocean_Easy_P000_5.txt
kitti_score: (5.5761711375974201, 1.1050893268804127)
rpe_score: (1.3544253307202874, 15.68199683952785)
ate_score: 0.200041700481
sr: 0.315588653992





average score:
average_kitti_score: [5.469432912784596, 1.1062628855389984]
average_rpe_score: [1.4222575176962362, 17.41083892994579]
average_ate_score: 1.03064326724
average_sr: 0.369884447148
