ocean_Hard_P000_5.txt
kitti_score: (4.6225650299656564, 0.94769177411324368)
rpe_score: (1.5103305685694841, 14.087344238192927)
ate_score: 0.501543085316
sr: 0.31927748996



ocean_Hard_P000_2.txt
kitti_score: (4.5112852446481781, 0.99718520289771151)
rpe_score: (1.5398795063326478, 15.435826166040917)
ate_score: 0.708640379935
sr: 0.351406004016



ocean_Hard_P000_1.txt
kitti_score: (4.5913950501574403, 0.94025907691167565)
rpe_score: (1.5115821813030805, 13.973553907510263)
ate_score: 0.431963497021
sr: 0.31927752008



ocean_Hard_P000_3.txt
kitti_score: (4.5764926379391611, 0.891352502343703)
rpe_score: (1.4985613166571257, 13.196422823868032)
ate_score: 1.09905119581
sr: 0.321285522088



ocean_Hard_P000_4.txt
kitti_score: (4.2973950517219475, 1.1236500460007453)
rpe_score: (0.99785719358274982, 12.709691356593778)
ate_score: 0.147605900798
sr: 0.232932389558





average score:
average_kitti_score: [4.519826602886477, 0.9800277204534158]
average_rpe_score: [1.4116421532890175, 13.880567698441183]
average_ate_score: 0.577760811777
average_sr: 0.308835785141
