soulcity_Easy_P003_1.txt
kitti_score: (2.9352254330644985, 1.5682166419786039)
rpe_score: (0.55743423527266145, 14.468880892186576)
ate_score: 0.0726639844349
sr: 0.526464401114



soulcity_Easy_P003_5.txt
kitti_score: (3.2645515280044584, 1.5490284453676513)
rpe_score: (0.57304200847196263, 13.605181825595958)
ate_score: 0.081719683108
sr: 0.509751253482



soulcity_Easy_P003_2.txt
kitti_score: (2.8643329261564952, 1.6027732214885491)
rpe_score: (0.58592733517553142, 15.770857856105144)
ate_score: 0.191105716435
sr: 0.543177548747



soulcity_Easy_P003_3.txt
kitti_score: (2.9068444748301641, 1.5596633831929294)
rpe_score: (0.58196642328120152, 14.419474202769699)
ate_score: 0.237717039251
sr: 0.520893342618



soulcity_Easy_P003_4.txt
kitti_score: (3.2731534208087121, 1.5427716543868264)
rpe_score: (0.58596115290835538, 13.607530246403703)
ate_score: 0.194396812608
sr: 0.518107827298





average score:
average_kitti_score: [3.048821556572866, 1.5644906692829121]
average_rpe_score: [0.5768662310219426, 14.374385004612217]
average_ate_score: 0.155520647168
average_sr: 0.523678874652
