soulcity_Hard_P003_3.txt
kitti_score: (4.3107960614700263, 0.94302117023302168)
rpe_score: (1.2986746877451931, 14.072273145760692)
ate_score: 0.0895254864427
sr: 0.431298371501



soulcity_Hard_P003_1.txt
kitti_score: (4.3600039446273033, 0.93276368485957639)
rpe_score: (1.2808909651034486, 14.04109721571249)
ate_score: 0.0568536048959
sr: 0.426209287532



soulcity_Hard_P003_2.txt
kitti_score: (4.2847990199111017, 0.93323268321822883)
rpe_score: (1.2840605649869834, 14.017020184159831)
ate_score: 0.0699543156134
sr: 0.423664783715



soulcity_Hard_P003_5.txt
kitti_score: (4.3213315818825606, 0.95080552668478213)
rpe_score: (1.2691760551468061, 14.061544913076514)
ate_score: 0.0620897555351
sr: 0.432570610687



soulcity_Hard_P003_4.txt
kitti_score: (4.1936793758144209, 0.93158572047790678)
rpe_score: (1.28845158113939, 13.975740673006902)
ate_score: 0.0961321839504
sr: 0.424937022901





average score:
average_kitti_score: [4.294121996741083, 0.9382817570947031]
average_rpe_score: [1.2842507708243642, 14.033535226343284]
average_ate_score: 0.0749110692875
average_sr: 0.427736015267
