japanese_Easy_P002_2.txt
kitti_score: (4.6787602677846447, 1.0630927886287371)
rpe_score: (1.4605587486326437, 26.27878100519192)
ate_score: 0.0825009202434
sr: 0.99999351227



japanese_Easy_P002_3.txt
kitti_score: (4.6985424031749607, 1.0504292320180646)
rpe_score: (1.4556185026106747, 25.909639240918835)
ate_score: 0.193835972136
sr: 0.987723604294



japanese_Easy_P002_4.txt
kitti_score: (4.734029659870826, 1.058206366893327)
rpe_score: (1.47958820996855, 26.304443661705601)
ate_score: 0.550726742824
sr: 0.998459800613



japanese_Easy_P002_1.txt
kitti_score: (4.4312314449207975, 1.112863502393318)
rpe_score: (1.3597861981831534, 28.188982875570218)
ate_score: 2.20959259176
sr: 0.99999351227



japanese_Easy_P002_5.txt
kitti_score: (4.6535296334378291, 1.0777681506076855)
rpe_score: (1.4629724388827261, 26.033307768392319)
ate_score: 0.150916488915
sr: 0.998459800613





average score:
average_kitti_score: [4.639218681837811, 1.0724720081082264]
average_rpe_score: [1.4437048196555495, 26.543030910355775]
average_ate_score: 0.637514543175
average_sr: 0.996926046012
