japanese_Hard_P001_5.txt
kitti_score: (3.3358796282048786, 0.70779592166915539)
rpe_score: (0.79281888680696955, 10.865211214853815)
ate_score: 0.0386890325652
sr: 0.391105230061



japanese_Hard_P001_1.txt
kitti_score: (3.3316712652396583, 0.65385018239154347)
rpe_score: (0.78631273649447897, 9.7020091861341182)
ate_score: 0.0419075318677
sr: 0.378835291411



japanese_Hard_P001_2.txt
kitti_score: (3.3638171435304907, 0.70940540256865003)
rpe_score: (0.7999684352002524, 10.779747397975902)
ate_score: 0.0412709300062
sr: 0.392638972393



japanese_Hard_P001_3.txt
kitti_score: (3.3934210914710161, 0.63535624721741257)
rpe_score: (0.79429719942117349, 9.4908037817260897)
ate_score: 0.05127491912
sr: 0.381902776074



japanese_Hard_P001_4.txt
kitti_score: (3.2127422454806447, 0.65833117110435968)
rpe_score: (0.79568504703978349, 9.6773387169001222)
ate_score: 0.0574812702453
sr: 0.381902791411





average score:
average_kitti_score: [3.3275062747853377, 0.6729477849902242]
average_rpe_score: [0.7938164609925316, 10.103022059518011]
average_ate_score: 0.0461247367609
average_sr: 0.38527701227
