soulcity_Hard_P001_4.txt
kitti_score: (2.1874778620295454, 1.087828223307064)
rpe_score: (0.62987507601891179, 20.449969293007285)
ate_score: 0.264207662877
sr: 0.609960207469



soulcity_Hard_P001_1.txt
kitti_score: (2.2942815992152985, 1.1339154864899266)
rpe_score: (0.64612545750652739, 19.903967800444974)
ate_score: 0.318677233164
sr: 0.628632448133



soulcity_Hard_P001_5.txt
kitti_score: (2.3102875210229854, 1.0864921003851276)
rpe_score: (0.6573399360180292, 19.831967363208864)
ate_score: 0.108078272976
sr: 0.626557780083



soulcity_Hard_P001_3.txt
kitti_score: (2.2925613895908317, 1.1058690460386091)
rpe_score: (0.64983230858068264, 20.089432444898065)
ate_score: 0.1588348542
sr: 0.630707157676



soulcity_Hard_P001_2.txt
kitti_score: (2.2821848027372234, 1.0890153342746429)
rpe_score: (0.63912768544909637, 21.078579126357685)
ate_score: 0.213968445566
sr: 0.616184315353





average score:
average_kitti_score: [2.273358634919177, 1.100624038099074]
average_rpe_score: [0.6444600927146495, 20.270783205583374]
average_ate_score: 0.212753293757
average_sr: 0.622408381743
