soulcity_Hard_P002_5.txt
kitti_score: (5.4489597018636555, 1.5243641216482009)
rpe_score: (1.2059458678804964, 19.534800124760043)
ate_score: 3.61789344184
sr: 0.683928



soulcity_Hard_P002_3.txt
kitti_score: (5.4440867624712466, 1.5083553776165579)
rpe_score: (1.2086816432469323, 19.137060415342553)
ate_score: 3.449051685
sr: 0.678570875



soulcity_Hard_P002_4.txt
kitti_score: (5.1507552744859044, 1.363191630066104)
rpe_score: (1.1375937624835122, 16.762677435876377)
ate_score: 0.170750283465
sr: 0.685713714286



soulcity_Hard_P002_1.txt
kitti_score: (5.5967936822238018, 1.5104818160882185)
rpe_score: (1.2432611793347859, 19.336178812648942)
ate_score: 3.52283718935
sr: 0.687499446429



soulcity_Hard_P002_2.txt
kitti_score: (5.230837306972405, 1.4638544039976966)
rpe_score: (1.1432070049415675, 17.615243954962057)
ate_score: 2.98427770195
sr: 0.683928017857





average score:
average_kitti_score: [5.374286545603402, 1.4740494698833555]
average_rpe_score: [1.1877378915774588, 18.477192148717997]
average_ate_score: 2.74896206032
average_sr: 0.683928010714
