soulcity_Easy_P002_1.txt
kitti_score: (6.0446474094542371, 1.258147037336407)
rpe_score: (1.7681303729524214, 24.325778810846906)
ate_score: 0.128533337585
sr: 0.840286025408



soulcity_Easy_P002_4.txt
kitti_score: (5.8188744876119598, 1.2783397801257483)
rpe_score: (1.751055400487475, 27.130077914778365)
ate_score: 0.201355002123
sr: 0.950993756806



soulcity_Easy_P002_3.txt
kitti_score: (7.1035703615854686, 1.4102946838700963)
rpe_score: (1.5877331007430531, 16.689273829698887)
ate_score: 0.109116213236
sr: 0.593461215971



soulcity_Easy_P002_5.txt
kitti_score: (6.0261923453482584, 1.2654596239059686)
rpe_score: (1.7562387845444061, 24.312144539076748)
ate_score: 0.148086605322
sr: 0.851175317604



soulcity_Easy_P002_2.txt
kitti_score: (6.0378084577528659, 1.2836943290112948)
rpe_score: (1.7423376691163932, 24.700973447792062)
ate_score: 0.232256671453
sr: 0.851175317604





average score:
average_kitti_score: [6.2062186123505585, 1.299187090849903]
average_rpe_score: [1.7210990655687497, 23.43164970843859]
average_ate_score: 0.163869565944
average_sr: 0.817418326679
