kitti_score: (2.1244641591154041, 0.66909991294927074)
rpe_score: (0.86464979679028142, 14.122051286610711)
ate_score: 0.0600967189006
sr: 0.997435358974
