kitti_score: (2.7363331384855059, 0.6168349194112428)
rpe_score: (1.0446403625233951, 10.995969452657391)
ate_score: 1.67216482029
sr: 1.00000262987
