kitti_score: (3.3055355548587086, 0.86459313982275865)
rpe_score: (1.1570002827350143, 33.731463665823902)
ate_score: 1.63940349786
sr: 0.9990440965
