japanese_Easy_P001_3.txt
kitti_score: (2.970130382970849, 0.75979080850033087)
rpe_score: (1.0345589566234197, 15.152537903179935)
ate_score: 1.32633790069
sr: 0.649948192999



japanese_Easy_P001_4.txt
kitti_score: (2.034129476020111, 1.033445076359726)
rpe_score: (0.10294345542972373, 2.7138586334880057)
ate_score: 0.103359478492
sr: 0.0283822043519



japanese_Easy_P001_5.txt
kitti_score: (2.7741578666498055, 0.73687262192332703)
rpe_score: (0.96133044672106605, 14.550234830495363)
ate_score: 0.299594840376
sr: 0.650894247871



japanese_Easy_P001_2.txt
kitti_score: (3.0274696504503567, 0.84845001399657893)
rpe_score: (1.0960372649316952, 30.321213310114668)
ate_score: 0.221395636822
sr: 0.9990440965



japanese_Easy_P001_1.txt
kitti_score: (3.8156049749697631, 1.0707021728808708)
rpe_score: (0.17260831923717243, 2.4758109103373469)
ate_score: 0.333833937084
sr: 0.0255439924314





average score:
average_kitti_score: [2.9242984702121766, 0.8898521387321668]
average_rpe_score: [0.6734956885886154, 13.042731117523065]
average_ate_score: 0.456904358694
average_sr: 0.470762546831
