kitti_score: (5.2365646233752141, 1.168193740893289)
rpe_score: (1.5398715467078667, 22.307661478738552)
ate_score: 3.02228790146
sr: 0.916489457203
