ocean_Easy_P001_3.txt
kitti_score: (4.9455503440548476, 1.1267250573084175)
rpe_score: (1.5900065091222557, 20.552692553239872)
ate_score: 0.232923586588
sr: 0.974944551148



ocean_Easy_P001_4.txt
kitti_score: (4.9350970154565275, 1.1670364417999377)
rpe_score: (1.5445931028810012, 20.807456700827071)
ate_score: 0.19736788649
sr: 0.960330772443



ocean_Easy_P001_2.txt
kitti_score: (4.996360251953524, 1.1542536811072388)
rpe_score: (1.5480325848092538, 20.985107255119701)
ate_score: 0.242471531204
sr: 0.954067724426



ocean_Easy_P001_1.txt
kitti_score: (5.0115721192246721, 1.1603870542550121)
rpe_score: (1.5208501154012564, 21.136312399747968)
ate_score: 0.276499688003
sr: 0.949892359081



ocean_Easy_P001_5.txt
kitti_score: (4.9347475003473171, 1.1646729317530451)
rpe_score: (1.5797001520286658, 21.28461725831615)
ate_score: 0.434579864188
sr: 0.981207536534





average score:
average_kitti_score: [4.964665446207378, 1.1546150332447302]
average_rpe_score: [1.5566364928484866, 20.95323723345015]
average_ate_score: 0.276768511295
average_sr: 0.964088588727
