ocean_Easy_P002_2.txt
kitti_score: (4.160075530601592, 1.0122194648473399)
rpe_score: (1.2537990613371617, 19.220358759577987)
ate_score: 0.749337941034
sr: 0.996186171429



ocean_Easy_P002_1.txt
kitti_score: (4.1677371020130929, 1.0210037884597873)
rpe_score: (1.2316791791069617, 19.271646972984371)
ate_score: 0.635894939521
sr: 0.908567219048



ocean_Easy_P002_3.txt
kitti_score: (4.1892395849680355, 1.0340972660052092)
rpe_score: (1.2324866355146784, 19.436811160970269)
ate_score: 0.634071203283
sr: 0.982853047619



ocean_Easy_P002_5.txt
kitti_score: (4.1742004469908665, 1.0245105031382791)
rpe_score: (1.2414869634884458, 19.161293222366325)
ate_score: 0.497668209681
sr: 0.975234114286



ocean_Easy_P002_4.txt
kitti_score: (4.227071720618591, 1.0229780583930261)
rpe_score: (1.2407018050446328, 18.892718067033872)
ate_score: 0.471176013658
sr: 0.977138838095





average score:
average_kitti_score: [4.183664877038436, 1.0229618161687284]
average_rpe_score: [1.240030728898376, 19.196565636586563]
average_ate_score: 0.597629661435
average_sr: 0.967995878095
