kitti_score: (5.6173913349579951, 1.3157521863492003)
rpe_score: (1.6389009710604467, 24.37978223798282)
ate_score: 0.444222977659
sr: 0.545942675676
