soulcity_Easy_P001_5.txt
kitti_score: (8.7700943407056187, 1.7106976773991267)
rpe_score: (0.9166851593291564, 11.207623789286599)
ate_score: 0.039896598359
sr: 0.173752652495



soulcity_Easy_P001_1.txt
kitti_score: (5.1006383236499628, 1.493484484650536)
rpe_score: (0.88253156142320033, 10.827408911828901)
ate_score: 0.0694580310416
sr: 0.173752652495



soulcity_Easy_P001_2.txt
kitti_score: (7.737728662290448, 1.6545969815223847)
rpe_score: (0.85028960887722438, 10.427521389995041)
ate_score: 0.0712541575157
sr: 0.17190422366



soulcity_Easy_P001_3.txt
kitti_score: (8.0353107158318693, 1.971449572374208)
rpe_score: (0.88934613280486396, 11.86614536827779)
ate_score: 0.119229692576
sr: 0.175601090573



soulcity_Easy_P001_4.txt
kitti_score: (9.2145422373694696, 1.9912033566639264)
rpe_score: (0.85165403446131949, 11.372664266730808)
ate_score: 0.0822147158793
sr: 0.173752652495





average score:
average_kitti_score: [7.771662855969474, 1.7642864145220365]
average_rpe_score: [0.8781012993791528, 11.140272745223829]
average_ate_score: 0.0764106390743
average_sr: 0.173752654344
