soulcity_Easy_P004_1.txt
kitti_score: (5.2823229695803491, 1.4712489203840706)
rpe_score: (0.68829851253126495, 11.2762875082124)
ate_score: 0.0837437779729
sr: 0.0893858100559



soulcity_Easy_P004_3.txt
kitti_score: (5.6590086999463241, 0.99520277592197348)
rpe_score: (1.2046844456335204, 11.225358250361433)
ate_score: 0.0809148227103
sr: 0.167595204842



soulcity_Easy_P004_4.txt
kitti_score: (5.6442607999910388, 0.99870800097179002)
rpe_score: (1.1943821199568958, 11.156170371195175)
ate_score: 0.0428056137949
sr: 0.166664115456



soulcity_Easy_P004_5.txt
kitti_score: (5.7193215057271578, 0.97797650470837583)
rpe_score: (0.89049059695751565, 7.1461484836332207)
ate_score: 0.030085918269
sr: 0.125696405959



soulcity_Easy_P004_2.txt
kitti_score: (5.6231036623644091, 1.0048472194103173)
rpe_score: (1.2063133035939368, 11.426319741344946)
ate_score: 0.0338168280612
sr: 0.168526294227





average score:
average_kitti_score: [5.585603527521856, 1.0895966842793054]
average_rpe_score: [1.0368337957346268, 10.446056870949436]
average_ate_score: 0.0542733921617
average_sr: 0.143573566108
