japanese_Easy_P004_3.txt
kitti_score: (4.0693507364119581, 0.7913423879053233)
rpe_score: (1.0818459577268118, 13.084865427814249)
ate_score: 0.03863594702
sr: 0.998703479381



japanese_Easy_P004_1.txt
kitti_score: (3.9903202952291599, 0.80148447585033566)
rpe_score: (1.113720006269042, 13.220539303564006)
ate_score: 0.0356276976315
sr: 0.998703479381



japanese_Easy_P004_4.txt
kitti_score: (4.0293915718139788, 0.7978250341733546)
rpe_score: (1.1005476028538892, 12.989439441686153)
ate_score: 0.0337806427764
sr: 0.999992113402



japanese_Easy_P004_2.txt
kitti_score: (4.099485642498184, 0.79426964690752466)
rpe_score: (1.121730403928936, 13.118931953283562)
ate_score: 0.0304891441374
sr: 0.970352963918



japanese_Easy_P004_5.txt
kitti_score: (4.153577591310369, 0.79593574248210908)
rpe_score: (1.1010773600092656, 13.082201519442382)
ate_score: 0.0404874398161
sr: 0.969064304124





average score:
average_kitti_score: [4.06842516745273, 0.7961714574637295]
average_rpe_score: [1.103784266157589, 13.09919552915807]
average_ate_score: 0.0358041742763
average_sr: 0.987363268041
