kitti_score: (4.6083769202436811, 1.0311316949687834)
rpe_score: (1.4451223926370791, 25.821295778727634)
ate_score: 0.254485421873
sr: 0.99999351227
