kitti_score: (2.1619098083866346, 0.65507833793482528)
rpe_score: (0.9987699283396958, 14.962070812565853)
ate_score: 0.845499674842
sr: 0.994871282051
