soulcity_Easy_P003_1.txt
kitti_score: (8.5090439268944724, 1.3060674388419018)
rpe_score: (0.5312942990371442, 3.3461828900361557)
ate_score: 0.0245658138131
sr: 0.242340752089



soulcity_Easy_P003_5.txt
kitti_score: (8.5430506491126526, 1.3382980965248923)
rpe_score: (0.53994470286578711, 3.4717633810518893)
ate_score: 0.0165746608109
sr: 0.245126295265



soulcity_Easy_P003_2.txt
kitti_score: (8.7471191561237145, 1.3429363185683723)
rpe_score: (0.55258622587878459, 3.8784728791741814)
ate_score: 0.0559847077408
sr: 0.264624986072



soulcity_Easy_P003_4.txt
kitti_score: (8.5208866369118006, 1.2920976099126908)
rpe_score: (0.53952226689255189, 3.2575116195532532)
ate_score: 0.0154740501423
sr: 0.242340752089





average score:
average_kitti_score: [8.580025092260659, 1.3198498659619644]
average_rpe_score: [0.5408368736685669, 3.4884826924538697]
average_ate_score: 0.0281498081268
average_sr: 0.248608196379
