japanese_Easy_P003_4.txt
kitti_score: (5.4602965655444793, 0.87186648171553927)
rpe_score: (0.54344781125760444, 5.4067334624311769)
ate_score: 0.034875068077
sr: 0.122765292014



japanese_Easy_P003_3.txt
kitti_score: (6.7142473655918593, 0.79733319769423083)
rpe_score: (0.74669274592550239, 5.6614176106309575)
ate_score: 0.0365703532448
sr: 0.133492359952



japanese_Easy_P003_1.txt
kitti_score: (4.1593258647554041, 0.87642882411348477)
rpe_score: (0.36936050854970576, 4.1463119580561347)
ate_score: 0.05586379269
sr: 0.107270655542



japanese_Easy_P003_2.txt
kitti_score: (5.6119667117786243, 0.86042856429514369)
rpe_score: (0.56228469821672833, 5.4866716260510291)
ate_score: 0.0534010799971
sr: 0.123957199046



japanese_Easy_P003_5.txt
kitti_score: (6.0925615597678489, 0.83225472042389059)
rpe_score: (0.65107069922868044, 5.4825520023268375)
ate_score: 0.042535835877
sr: 0.127532872467





average score:
average_kitti_score: [5.607679613487643, 0.8476623576484578]
average_rpe_score: [0.5745712926356443, 5.236737331899227]
average_ate_score: 0.0446492259772
average_sr: 0.123003675805
