kitti_score: (5.6236336249247385, 0.68013260259551256)
rpe_score: (1.0459054865061328, 7.9240681516760683)
ate_score: 0.0879959868303
sr: 0.144599355401
