kitti_score: (4.2893359367441946, 1.2605018657067031)
rpe_score: (0.86662691234735545, 15.964961152408989)
ate_score: 0.0496666584061
sr: 0.361539134615
