kitti_score: (4.6620674414362657, 0.86817754641867118)
rpe_score: (1.384254712853686, 14.182761363137764)
ate_score: 0.0503836584524
sr: 0.389185621622
