ocean_Easy_P002_2.txt
kitti_score: (4.1700620824374415, 1.0237515500758669)
rpe_score: (1.2219724915902779, 19.829439513842889)
ate_score: 0.231110021457
sr: 0.999995638095



ocean_Easy_P002_1.txt
kitti_score: (4.1347049534442792, 1.0263635108114348)
rpe_score: (1.2049962903124958, 18.655956208260466)
ate_score: 0.386941486065
sr: 0.984757771429



ocean_Easy_P002_3.txt
kitti_score: (4.179689361059074, 1.0297587517331244)
rpe_score: (1.2105012725576441, 19.350204656579347)
ate_score: 0.565675380734
sr: 0.999995638095



ocean_Easy_P002_5.txt
kitti_score: (4.1519979067591937, 1.0277569333350975)
rpe_score: (1.236028547147457, 19.837028863090172)
ate_score: 0.494902884571
sr: 0.998090914286



ocean_Easy_P002_4.txt
kitti_score: (4.1339226669950442, 0.98317610959457291)
rpe_score: (1.2266740440231778, 19.426827874857061)
ate_score: 0.804553260807
sr: 0.999995638095





average score:
average_kitti_score: [4.1540753941390065, 1.0181613711100193]
average_rpe_score: [1.2200345291262107, 19.419891423325986]
average_ate_score: 0.496636606727
average_sr: 0.99656712
