soulcity_Hard_P003_3.txt
kitti_score: (4.1865251303916464, 0.93427466331619702)
rpe_score: (1.2681818194451797, 13.683606987795859)
ate_score: 0.133502998892
sr: 0.421120229008



soulcity_Hard_P003_1.txt
kitti_score: (4.76805858831551, 0.973428981026077)
rpe_score: (1.7334464274706818, 18.090048282026029)
ate_score: 0.770341235928
sr: 0.75317524173



soulcity_Hard_P003_2.txt
kitti_score: (5.5454023900931224, 1.0892615654490161)
rpe_score: (1.2729763464016377, 14.16937726050983)
ate_score: 0.0699604335466
sr: 0.344784427481



soulcity_Hard_P003_5.txt
kitti_score: (5.2905126452952569, 1.0335777308736713)
rpe_score: (1.25067781556119, 14.003992753915179)
ate_score: 0.106967069083
sr: 0.353690292621



soulcity_Hard_P003_4.txt
kitti_score: (5.5165928163676199, 1.0570221657040806)
rpe_score: (1.2955777324520734, 14.131593103122562)
ate_score: 0.101978592185
sr: 0.352417989822





average score:
average_kitti_score: [5.061418314092632, 1.0175130212738084]
average_rpe_score: [1.3641720282661525, 14.815723677473892]
average_ate_score: 0.236550065927
average_sr: 0.445037636132
