ocean_Easy_P004_2.txt
kitti_score: (8.4614074824661962, 1.6139063597951468)
rpe_score: (0.69018567484137572, 5.9933196147680654)
ate_score: 0.47589627883
sr: 0.0837837837838



ocean_Easy_P004_5.txt
kitti_score: (4.5467897775423509, 1.0276297393892775)
rpe_score: (1.4004463087338366, 16.923531639936058)
ate_score: 0.0476340519877
sr: 0.443239882883



ocean_Easy_P004_4.txt
kitti_score: (5.6173913349579951, 1.3157521863492003)
rpe_score: (1.6609542962169086, 24.698184690876371)
ate_score: 0.444222977659
sr: 0.545942675676



ocean_Easy_P004_3.txt
kitti_score: (13.254570583263542, 1.7105246216937398)
rpe_score: (0.65397580527920574, 3.5634669855844234)
ate_score: 0.0689863503621
sr: 0.0558558108108



ocean_Easy_P004_1.txt
kitti_score: (5.3654635159937527, 1.6556767625954825)
rpe_score: (0.68896257677774453, 8.4503370545656242)
ate_score: 0.423868668598
sr: 0.100900954955





average score:
average_kitti_score: [7.449124538844768, 1.4646979339645694]
average_rpe_score: [1.0189049323698143, 11.925767997146108]
average_ate_score: 0.292121665487
average_sr: 0.245944621622
