kitti_score: (3.3638171435304907, 0.70940540256865003)
rpe_score: (0.7999684352002524, 10.779747397975902)
ate_score: 0.0412709300062
sr: 0.392638972393
