japanese_Easy_P002_2.txt
kitti_score: (4.7102595041844229, 1.0506289601897123)
rpe_score: (1.4565143974543957, 25.980547063410359)
ate_score: 0.291137144979
sr: 0.998459800613



japanese_Easy_P002_3.txt
kitti_score: (4.6573090953563012, 1.0407235804257331)
rpe_score: (1.4561721889087345, 26.22164194366373)
ate_score: 0.418802383692
sr: 0.998459800613



japanese_Easy_P002_4.txt
kitti_score: (4.6663204193205825, 1.0490425100309662)
rpe_score: (1.439210821767096, 26.432741069187951)
ate_score: 0.297170598495
sr: 0.99999351227



japanese_Easy_P002_1.txt
kitti_score: (4.6083769202436811, 1.0311316949687834)
rpe_score: (1.4368580153118609, 25.577571930627023)
ate_score: 0.254485421873
sr: 0.99999351227



japanese_Easy_P002_5.txt
kitti_score: (4.6602033754207639, 1.0493563237279186)
rpe_score: (1.4485168523763559, 26.110245232051984)
ate_score: 0.32548477403
sr: 0.998459800613





average score:
average_kitti_score: [4.660493862905151, 1.0441766138686226]
average_rpe_score: [1.4474544551636888, 26.06454944778821]
average_ate_score: 0.317416064614
average_sr: 0.999073285276
