kitti_score: (2.2689361992242758, 1.1264580376188262)
rpe_score: (0.64161442535641666, 20.737555718658509)
ate_score: 0.0993882912493
sr: 0.657678112033
