ocean_Easy_P001_3.txt
kitti_score: (5.1160404823376737, 1.1287734029819332)
rpe_score: (1.5971627351067355, 20.803989457452953)
ate_score: 0.669227789208
sr: 0.966593799582



ocean_Easy_P001_4.txt
kitti_score: (5.0156110531718978, 1.1365476180992875)
rpe_score: (1.5754705035014991, 20.517771379602053)
ate_score: 0.35650370912
sr: 0.964506137787



ocean_Easy_P001_2.txt
kitti_score: (5.0567568075745495, 1.1334264799996054)
rpe_score: (1.5893137801156321, 20.57479895887716)
ate_score: 0.325146022195
sr: 0.964506137787



ocean_Easy_P001_1.txt
kitti_score: (4.9674492800189505, 1.1593934133508192)
rpe_score: (1.5898216230243931, 21.108208678458595)
ate_score: 0.292174369143
sr: 0.999996680585



ocean_Easy_P001_5.txt
kitti_score: (5.0087977656124325, 1.1541618249360359)
rpe_score: (1.5777889060364014, 21.010357323256518)
ate_score: 0.322450479812
sr: 0.964506137787





average score:
average_kitti_score: [5.032931077743101, 1.1424605478735361]
average_rpe_score: [1.5859115095569323, 20.803025159529458]
average_ate_score: 0.393100473896
average_sr: 0.972021778706
