soulcity_Hard_P004_4.txt
kitti_score: (5.4636261967666497, 1.3841025970459528)
rpe_score: (0.60481273490090248, 8.9221530659131698)
ate_score: 0.427684572641
sr: 0.0731708188153



soulcity_Hard_P004_3.txt
kitti_score: (4.1983321112505498, 1.3948425863855138)
rpe_score: (0.46735551768641242, 7.6866484433396689)
ate_score: 0.0785269633643
sr: 0.0574913763066



soulcity_Hard_P004_2.txt
kitti_score: (5.4932619897270234, 1.3513090760971156)
rpe_score: (0.6150744771776101, 8.974781684986068)
ate_score: 0.636587189201
sr: 0.0731708362369



soulcity_Hard_P004_1.txt
kitti_score: (5.0014227573022518, 1.3624239415815571)
rpe_score: (0.5348545692291875, 8.0860479217345009)
ate_score: 0.0538310628174
sr: 0.0627178222997



soulcity_Hard_P004_5.txt
kitti_score: (4.8107820731417741, 1.3948703758355911)
rpe_score: (0.53459551892874446, 8.2660256051101619)
ate_score: 0.0364353851315
sr: 0.06446





average score:
average_kitti_score: [4.993485025637649, 1.3775097153891462]
average_rpe_score: [0.5513385635845713, 8.387131344216712]
average_ate_score: 0.246613034631
average_sr: 0.0662021707317
