ocean_Hard_P004_2.txt
kitti_score: (3.9686799866030533, 1.3935605413330279)
rpe_score: (0.92751825201626781, 20.211816455841081)
ate_score: 0.0917677337135
sr: 0.997951492843



ocean_Hard_P004_4.txt
kitti_score: (3.9855552146016286, 1.3964447546760317)
rpe_score: (0.93231201674990882, 20.733828061404733)
ate_score: 0.121886072871
sr: 0.997951492843



ocean_Hard_P004_1.txt
kitti_score: (3.994564743903867, 1.3902161358976066)
rpe_score: (0.93900128632503588, 20.629746597090801)
ate_score: 0.129187535481
sr: 0.999996441718



ocean_Hard_P004_5.txt
kitti_score: (3.9961823032194452, 1.390391122914743)
rpe_score: (0.92046714879277058, 20.293016682843039)
ate_score: 0.0938558684732
sr: 0.997951492843



ocean_Hard_P004_3.txt
kitti_score: (3.983010243801862, 1.388860458760758)
rpe_score: (0.93913692346899402, 20.468911425684968)
ate_score: 0.109185148336
sr: 0.999996441718





average score:
average_kitti_score: [3.985598498425971, 1.3918946027164334]
average_rpe_score: [0.9316871254705953, 20.467463844572926]
average_ate_score: 0.109176471775
average_sr: 0.998769472393
