ocean_Hard_P001_5.txt
kitti_score: (4.4276703548710907, 1.2809429845258384)
rpe_score: (0.86712059379877471, 15.864987433026188)
ate_score: 0.0360780406283
sr: 0.357692980769



ocean_Hard_P001_2.txt
kitti_score: (4.0987217881534077, 1.2891741672139989)
rpe_score: (0.78901996038754774, 15.554310945861097)
ate_score: 0.0706328591542
sr: 0.348077596154



ocean_Hard_P001_3.txt
kitti_score: (4.3446799850375895, 1.2707848628626079)
rpe_score: (0.86101649986534567, 15.827690213935609)
ate_score: 0.0490652305823
sr: 0.359616057692



ocean_Hard_P001_1.txt
kitti_score: (4.2312576897206631, 1.1465878888621666)
rpe_score: (0.86706938813215306, 15.901792815537069)
ate_score: 0.0424571478876
sr: 0.363462230769



ocean_Hard_P001_4.txt
kitti_score: (4.2893359367441946, 1.2605018657067031)
rpe_score: (0.86662691234735545, 15.964961152408989)
ate_score: 0.0496666584061
sr: 0.361539134615





average score:
average_kitti_score: [4.2783331509053895, 1.249598353834263]
average_rpe_score: [0.8501706709062352, 15.82274851215379]
average_ate_score: 0.0495799873317
average_sr: 0.3580776
