kitti_score: (2.7946430344531272, 0.98912744176451606)
rpe_score: (1.0063102658049874, 20.595336116818192)
ate_score: 1.65806507449
sr: 0.9730256639
