kitti_score: (4.76805858831551, 0.973428981026077)
rpe_score: (1.7306885307151496, 18.047626585913314)
ate_score: 0.770341235928
sr: 0.75317524173
