kitti_score: (0.055201593036924734, 0.069900003686668641)
rpe_score: (0.038542862047849846, 11.235101529599593)
ate_score: 7.21654298066
