japanese_Easy_P001_3.txt
kitti_score: (2.2525241658582167, 1.0884604719956898)
rpe_score: (0.11565422852167578, 2.2147882160069172)
ate_score: 0.112229372827
sr: 0.0245979186377



japanese_Easy_P001_4.txt
kitti_score: (3.3055355548587086, 0.86459313982275865)
rpe_score: (1.1675517111984262, 33.269280864537656)
ate_score: 1.63940349786
sr: 0.9990440965



japanese_Easy_P001_5.txt
kitti_score: (3.2469403629431683, 0.84399302050364355)
rpe_score: (1.1330085940505978, 30.774047872062347)
ate_score: 0.807085915908
sr: 0.995259858089



japanese_Easy_P001_2.txt
kitti_score: (3.3306347092553965, 0.99691289036610187)
rpe_score: (0.12940143329029005, 2.2767477971686749)
ate_score: 0.260328915085
sr: 0.0227057710501



japanese_Easy_P001_1.txt
kitti_score: (3.2863168504889599, 0.8495567102707472)
rpe_score: (1.1546944125244609, 31.406723479532928)
ate_score: 0.702255813784
sr: 0.992421589404





average score:
average_kitti_score: [3.08439032868089, 0.9287032465917882]
average_rpe_score: [0.7400620759170902, 19.988317645861706]
average_ate_score: 0.704260703093
average_sr: 0.606805846736
