kitti_score: (4.3213315818825606, 0.95080552668478213)
rpe_score: (1.2827501964830443, 14.079609873687698)
ate_score: 0.0620897555351
sr: 0.432570610687
