soulcity_Easy_P001_5.txt
kitti_score: (8.7761669407343561, 1.8508818615152676)
rpe_score: (0.88828064984117361, 11.195337668587893)
ate_score: 0.0696907113
sr: 0.178373724584



soulcity_Easy_P001_1.txt
kitti_score: (5.462388938131574, 1.6567591188590398)
rpe_score: (0.89696657889024989, 11.412365962065852)
ate_score: 0.0528378045574
sr: 0.178373724584



soulcity_Easy_P001_2.txt
kitti_score: (8.6203952062478102, 1.7644738441994015)
rpe_score: (0.88952845929670599, 11.374152487943062)
ate_score: 0.0669467959101
sr: 0.178373724584



soulcity_Easy_P001_3.txt
kitti_score: (8.8323018969497369, 1.8759926202571293)
rpe_score: (0.88310195364808575, 11.457504130885617)
ate_score: 0.0632926357185
sr: 0.178373724584



soulcity_Easy_P001_4.txt
kitti_score: (7.7838762004664792, 1.6311952828748659)
rpe_score: (0.88921631149949021, 10.518365351764121)
ate_score: 0.0686388909047
sr: 0.178373724584





average score:
average_kitti_score: [7.895025836505991, 1.755860545541141]
average_rpe_score: [0.8894187906351411, 11.19154512024931]
average_ate_score: 0.0642813676781
average_sr: 0.178373724584
