ocean_Hard_P001_5.txt
kitti_score: (4.3542385693691932, 1.3017128123009247)
rpe_score: (0.82968274651778307, 15.548708925123872)
ate_score: 0.0564333483382
sr: 0.348077576923



ocean_Hard_P001_2.txt
kitti_score: (4.000005992606865, 1.1145441067003785)
rpe_score: (0.83840474730597347, 15.187827489220219)
ate_score: 0.0958422962561
sr: 0.369231519231



ocean_Hard_P001_3.txt
kitti_score: (4.3794353007161844, 1.2492193968941832)
rpe_score: (0.86572423193523407, 15.875723136860875)
ate_score: 0.0651017165588
sr: 0.361539134615



ocean_Hard_P001_1.txt
kitti_score: (4.4238846198452828, 1.2562751369311027)
rpe_score: (0.88211383470440319, 15.911631957767565)
ate_score: 0.0558786799294
sr: 0.361539134615



ocean_Hard_P001_4.txt
kitti_score: (4.1280865100020074, 1.2911313397535702)
rpe_score: (0.79287978371222501, 15.268319534244466)
ate_score: 0.0724679550593
sr: 0.348077596154





average score:
average_kitti_score: [4.257130198507906, 1.2425765585160318]
average_rpe_score: [0.8417610688351239, 15.558442208643399]
average_ate_score: 0.0691447992284
average_sr: 0.357692992308
