kitti_score: (4.8051489077085634, 0.88420649990222944)
rpe_score: (1.4997655032567014, 13.552392102991854)
ate_score: 0.11326203702
sr: 0.286145431727
