japanese_Hard_P004_1.txt
kitti_score: (4.3705184937055233, 0.92211851198160866)
rpe_score: (1.5918634409626526, 23.70841962735139)
ate_score: 0.155115554887
sr: 1.00000058172



japanese_Hard_P004_4.txt
kitti_score: (4.2832420572081995, 0.91716250169229552)
rpe_score: (1.5590646968471418, 23.865938384581362)
ate_score: 0.135839361923
sr: 0.997230554017



japanese_Hard_P004_2.txt
kitti_score: (4.3561503520427944, 0.92530559024833603)
rpe_score: (1.5917411058315298, 24.173647446721525)
ate_score: 0.108551746046
sr: 1.00000058172



japanese_Hard_P004_5.txt
kitti_score: (4.2640141148252848, 0.91135431079055085)
rpe_score: (1.5629665120569911, 23.698640023530626)
ate_score: 0.118508162668
sr: 0.997230554017



japanese_Hard_P004_3.txt
kitti_score: (4.3284290551622409, 0.92533853493440532)
rpe_score: (1.5826768108483171, 23.671254037054432)
ate_score: 0.113461465199
sr: 0.997230554017





average score:
average_kitti_score: [4.320470814588809, 0.9202558899294393]
average_rpe_score: [1.5776625133093265, 23.823579903847865]
average_ate_score: 0.126295258145
average_sr: 0.998338565097
