japanese_Hard_P004_1.txt
kitti_score: (4.2595978433331894, 0.9033789077382347)
rpe_score: (1.6032939296908177, 23.626770884363946)
ate_score: 0.129818589243
sr: 1.00000058172



japanese_Hard_P004_4.txt
kitti_score: (4.2853590108928437, 0.90313706208719324)
rpe_score: (1.5961459349800076, 23.869513364566835)
ate_score: 0.0967010211257
sr: 1.00000058172



japanese_Hard_P004_2.txt
kitti_score: (4.2429696421655301, 0.91250468893281722)
rpe_score: (1.6006829280074424, 23.341237799086301)
ate_score: 0.0837946385191
sr: 1.00000058172



japanese_Hard_P004_5.txt
kitti_score: (4.2598420659677068, 0.90592710966067413)
rpe_score: (1.6011990410523871, 23.644066251211864)
ate_score: 0.100182513658
sr: 1.00000058172



japanese_Hard_P004_3.txt
kitti_score: (4.2851743434762213, 0.91007636439767547)
rpe_score: (1.6025714451757875, 23.83998392425395)
ate_score: 0.100738592287
sr: 1.00000058172





average score:
average_kitti_score: [4.266588581167098, 0.907004826563319]
average_rpe_score: [1.6007786557812884, 23.66431444469658]
average_ate_score: 0.102247070967
average_sr: 1.00000058172
