kitti_score: (5.4932619897270234, 1.3513090760971156)
rpe_score: (0.6150744771776101, 8.974781684986068)
ate_score: 0.636587189201
sr: 0.0731708362369
