japanese_Hard_P003_5.txt
kitti_score: (2.6742955290849029, 0.6076622379633515)
rpe_score: (1.0254188450305963, 10.700617234586435)
ate_score: 0.03911544812
sr: 0.990262337662



japanese_Hard_P003_4.txt
kitti_score: (2.7432803135765309, 0.601776771163822)
rpe_score: (1.0424085386744275, 10.446753437633856)
ate_score: 0.117512712197
sr: 0.990262337662



japanese_Hard_P003_2.txt
kitti_score: (2.7720432077237809, 0.61202895497838017)
rpe_score: (1.0248832879732936, 10.667075392896175)
ate_score: 0.0345058139567
sr: 0.990262337662



japanese_Hard_P003_3.txt
kitti_score: (2.7137067547762079, 0.61556024066504722)
rpe_score: (1.0221798685081411, 10.553920331336858)
ate_score: 0.0291916349735
sr: 0.990262337662



japanese_Hard_P003_1.txt
kitti_score: (2.6954115235207183, 0.60625675453179773)
rpe_score: (1.0361080344764655, 10.465868453446864)
ate_score: 0.075593166616
sr: 0.993509090909





average score:
average_kitti_score: [2.719747465736428, 0.6086569918604796]
average_rpe_score: [1.0301997149325848, 10.566846969980038]
average_ate_score: 0.0591837551727
average_sr: 0.990911688312
