ocean_Easy_P004_2.txt
kitti_score: (5.2358335132679903, 1.6229793041836131)
rpe_score: (0.69363412487019771, 7.4796001263519054)
ate_score: 0.326059316911
sr: 0.0936937477477



ocean_Easy_P004_5.txt
kitti_score: (7.9904600984261966, 1.4586490022820577)
rpe_score: (0.66899268216349672, 5.702492679617456)
ate_score: 0.93143450544
sr: 0.0891892072072



ocean_Easy_P004_4.txt
kitti_score: (5.8910013334068694, 1.6678432522268063)
rpe_score: (0.74601933022019451, 8.8324591993559132)
ate_score: 0.697373959993
sr: 0.108108198198



ocean_Easy_P004_3.txt
kitti_score: (5.7333884410493381, 1.3080880126128409)
rpe_score: (1.6999927688996286, 24.081264934243443)
ate_score: 0.799332120319
sr: 0.541438171171



ocean_Easy_P004_1.txt
kitti_score: (4.6508785783970694, 0.92235966824645033)
rpe_score: (1.4582926078955423, 15.36965714855217)
ate_score: 0.0579015509999
sr: 0.409906423423





average score:
average_kitti_score: [5.900312392909493, 1.3959838479103537]
average_rpe_score: [1.053386302809812, 12.293094817624178]
average_ate_score: 0.562420290733
average_sr: 0.24846714955
