ocean_Hard_P001_5.txt
kitti_score: (4.0823635006415078, 1.2486566954149636)
rpe_score: (0.80793415141547897, 15.4726849081919)
ate_score: 0.295985472492
sr: 0.351923769231



ocean_Hard_P001_2.txt
kitti_score: (4.3978965864213144, 1.2999486252168835)
rpe_score: (0.75370779805599497, 13.409174228859612)
ate_score: 0.415499054664
sr: 0.319231461538



ocean_Hard_P001_3.txt
kitti_score: (4.2216712486147037, 1.2738197055051896)
rpe_score: (0.83134418817844302, 15.310443510608874)
ate_score: 0.680451148456
sr: 0.348077596154



ocean_Hard_P001_1.txt
kitti_score: (4.087507499262852, 1.2415399182254419)
rpe_score: (0.80573914107464473, 15.408282105423115)
ate_score: 0.243715309971
sr: 0.353846846154



ocean_Hard_P001_4.txt
kitti_score: (4.465326709418024, 1.3900480992766091)
rpe_score: (0.76246575975695796, 13.535820561749693)
ate_score: 0.390955859829
sr: 0.311539115385





average score:
average_kitti_score: [4.25095310887168, 1.2908026087278175]
average_rpe_score: [0.7922382076963039, 14.627281062966636]
average_ate_score: 0.405321369082
average_sr: 0.336923757692
