kitti_score: (2.9863641697821062, 0.82732857208548016)
rpe_score: (1.0643833771763809, 28.432191302416747)
ate_score: 0.513484191862
sr: 0.996205912961
