japanese_Hard_P002_2.txt
kitti_score: (2.1687348346154218, 0.65686545074538438)
rpe_score: (0.8794546110448388, 14.00474499592381)
ate_score: 0.0719813123213
sr: 0.992307230769



japanese_Hard_P002_4.txt
kitti_score: (2.1399203661997346, 0.65521496415800429)
rpe_score: (0.89467561634675108, 13.982659384568972)
ate_score: 0.0566253738585
sr: 0.994871282051



japanese_Hard_P002_3.txt
kitti_score: (2.1732497306648906, 0.66779768121981919)
rpe_score: (0.89719983988915919, 14.052525562542304)
ate_score: 0.0396344969157
sr: 0.994871282051



japanese_Hard_P002_1.txt
kitti_score: (2.1342627896220221, 0.68396016168935558)
rpe_score: (0.89597423200315229, 14.096438499697044)
ate_score: 0.0748683715823
sr: 0.999999410256



japanese_Hard_P002_5.txt
kitti_score: (2.1357736742915781, 0.66500165442706605)
rpe_score: (0.8951212212234535, 14.126781859332576)
ate_score: 0.0421053692313
sr: 0.997435358974





average score:
average_kitti_score: [2.1503882790787294, 0.6657679824479259]
average_rpe_score: [0.892485104101471, 14.052630060412943]
average_ate_score: 0.0570429847818
average_sr: 0.995896912821
