kitti_score: (4.3705184937055233, 0.92211851198160866)
rpe_score: (1.5732724428805667, 23.922738328718392)
ate_score: 0.155115554887
sr: 1.00000058172
