japanese_Easy_P002_2.txt
kitti_score: (4.2419985126134536, 1.0573870140332651)
rpe_score: (1.3061775868415297, 28.517520188588364)
ate_score: 2.77737288012
sr: 0.98772357362



japanese_Easy_P002_3.txt
kitti_score: (4.4148474783329856, 1.0883658926323765)
rpe_score: (1.344023924070664, 29.99557828171227)
ate_score: 3.52065736119
sr: 0.998459800613



japanese_Easy_P002_4.txt
kitti_score: (4.3910243170452645, 1.0777200025883797)
rpe_score: (1.3490953509957855, 28.863114737435343)
ate_score: 2.80010609026
sr: 0.99999351227



japanese_Easy_P002_1.txt
kitti_score: (4.4871714244782828, 1.3136724629428591)
rpe_score: (1.2634737769283708, 21.724882768553904)
ate_score: 0.192991921692
sr: 0.61196243865



japanese_Easy_P002_5.txt
kitti_score: (4.3585567813151203, 1.1072771136833859)
rpe_score: (1.3191988174890672, 29.937675600232165)
ate_score: 3.02182325242
sr: 0.99999351227





average score:
average_kitti_score: [4.378719702757022, 1.1288844971760532]
average_rpe_score: [1.3163938912650834, 27.807754315304408]
average_ate_score: 2.46259030114
average_sr: 0.919626567485
