soulcity_Hard_P001_4.txt
kitti_score: (2.3069116319469121, 1.101168656247439)
rpe_score: (0.64964080234444788, 20.479242338215116)
ate_score: 0.253066262631
sr: 0.62240840249



soulcity_Hard_P001_1.txt
kitti_score: (2.2396723245051944, 1.0949777893051187)
rpe_score: (0.64581714852569283, 20.990007685388072)
ate_score: 0.0947125385572
sr: 0.63485653527



soulcity_Hard_P001_5.txt
kitti_score: (2.3180021894180602, 1.115051071113033)
rpe_score: (0.645157119950171, 20.893529312804109)
ate_score: 0.0692936684229
sr: 0.632781825726



soulcity_Hard_P001_3.txt
kitti_score: (2.2160368285029022, 1.1143387162403717)
rpe_score: (0.63491466812530439, 21.247788552420872)
ate_score: 0.0781478470058
sr: 0.634856514523



soulcity_Hard_P001_2.txt
kitti_score: (2.2689361992242758, 1.1264580376188262)
rpe_score: (0.64161442535641666, 20.737555718658509)
ate_score: 0.0993882912493
sr: 0.657678112033





average score:
average_kitti_score: [2.269911834719469, 1.1103988541049579]
average_rpe_score: [0.6434288328604065, 20.86962472149734]
average_ate_score: 0.118921721573
average_sr: 0.636516278008
