kitti_score: (3.2625999293207872, 0.60497843378372473)
rpe_score: (0.83930889121087726, 8.8019785986523562)
ate_score: 0.0940815982674
sr: 0.361964110429
