kitti_score: (3.7897835684787746, 1.0198351169908788)
rpe_score: (1.447093570138392, 35.175447504876679)
ate_score: 5.29188696685
sr: 0.786281020734
