kitti_score: (2.6954115235207183, 0.60625675453179773)
rpe_score: (1.0225687918976074, 10.591003932874708)
ate_score: 0.075593166616
sr: 0.993509090909
