japanese_Hard_P001_5.txt
kitti_score: (3.3009140258852483, 0.64303947008997131)
rpe_score: (0.83833890086482976, 9.9308987019575117)
ate_score: 0.0731017331599
sr: 0.36809904908



japanese_Hard_P001_1.txt
kitti_score: (3.2625999293207872, 0.60497843378372473)
rpe_score: (0.83930889121087726, 8.8019785986523562)
ate_score: 0.0940815982674
sr: 0.361964110429



japanese_Hard_P001_2.txt
kitti_score: (3.3501839323194504, 0.61910039837709352)
rpe_score: (0.82203125353915407, 9.4764842147067583)
ate_score: 0.0582608318153
sr: 0.377301533742



japanese_Hard_P001_3.txt
kitti_score: (3.4759638142520082, 0.69175692888265305)
rpe_score: (0.83871041297748905, 10.407674626955771)
ate_score: 0.0693462687763
sr: 0.375767791411



japanese_Hard_P001_4.txt
kitti_score: (3.2904635639733169, 0.60963247201944859)
rpe_score: (0.79291648619379529, 9.1353570241564448)
ate_score: 0.0467565277918
sr: 0.360430352761





average score:
average_kitti_score: [3.336025053150162, 0.6337015406305783]
average_rpe_score: [0.8262611889572291, 9.550478633285769]
average_ate_score: 0.0683093919621
average_sr: 0.368712567485
