ocean_Hard_P002_2.txt
kitti_score: (3.3647147425215547, 1.020702473688319)
rpe_score: (0.93633596336460001, 27.0943525050678)
ate_score: 0.339917020162
sr: 0.537478580542



ocean_Hard_P002_1.txt
kitti_score: (3.7897835684787746, 1.0198351169908788)
rpe_score: (1.4523486679297632, 34.99612500189702)
ate_score: 5.29188696685
sr: 0.786281020734



ocean_Hard_P002_3.txt
kitti_score: (3.7800219869508229, 0.97683288026437642)
rpe_score: (1.4629592649245373, 25.067371990343418)
ate_score: 5.94929894462
sr: 0.515148181818



ocean_Hard_P002_4.txt
kitti_score: (3.3151231267894703, 1.0334527832035718)
rpe_score: (0.93026526597441717, 27.473693515782752)
ate_score: 1.15434461924
sr: 0.535883716108



ocean_Hard_P002_5.txt
kitti_score: (3.8640861508904285, 1.0816400185145645)
rpe_score: (1.5004062113466035, 33.285922362690521)
ate_score: 5.12633831789
sr: 0.660284370016





average score:
average_kitti_score: [3.6227459151262105, 1.0264926545323418]
average_rpe_score: [1.2564630747079841, 29.583493075156305]
average_ate_score: 3.57235717375
average_sr: 0.607015173844
