ocean_Hard_P004_2.txt
kitti_score: (3.9684235188092161, 1.3857655999188798)
rpe_score: (0.91104428323083053, 20.367751379534898)
ate_score: 0.130150065779
sr: 0.997951492843



ocean_Hard_P004_4.txt
kitti_score: (3.9550101254163401, 1.3943324042900798)
rpe_score: (0.89764318853707215, 20.262470550481684)
ate_score: 0.0671592731635
sr: 0.997951492843



ocean_Hard_P004_1.txt
kitti_score: (4.0479027699272763, 1.4003734214607095)
rpe_score: (0.899926902264085, 20.309838297221571)
ate_score: 0.126596245932
sr: 0.989771533742



ocean_Hard_P004_5.txt
kitti_score: (3.9706265814616319, 1.391712266421316)
rpe_score: (0.92280657046361358, 20.359866550104972)
ate_score: 0.10663113397
sr: 0.997951492843



ocean_Hard_P004_3.txt
kitti_score: (3.9419932380668921, 1.3900651788259135)
rpe_score: (0.89737821406292773, 20.423352073732897)
ate_score: 0.131055610159
sr: 0.997951492843





average score:
average_kitti_score: [3.9767912467362714, 1.3924497741833797]
average_rpe_score: [0.9057598317117058, 20.344655770215205]
average_ate_score: 0.112318465801
average_sr: 0.996315501022
