ocean_Hard_P004_2.txt
kitti_score: (5.2936740627271437, 1.3812892390268172)
rpe_score: (1.1782577792176292, 20.653765347580567)
ate_score: 3.37684816979
sr: 0.999996441718



ocean_Hard_P004_4.txt
kitti_score: (4.1276872177586057, 1.3788062798097902)
rpe_score: (0.8975949100494327, 20.044541772371321)
ate_score: 1.26203767508
sr: 0.999996441718



ocean_Hard_P004_1.txt
kitti_score: (4.1000848257285654, 1.3783447742526804)
rpe_score: (0.91064152598011239, 20.231940096286639)
ate_score: 1.12312268801
sr: 0.999996441718



ocean_Hard_P004_5.txt
kitti_score: (4.7485084858229358, 1.3612730367474097)
rpe_score: (1.0453596732810502, 19.922287424857927)
ate_score: 3.25411549112
sr: 0.997951492843



ocean_Hard_P004_3.txt
kitti_score: (3.9994393644309105, 1.3843657023006612)
rpe_score: (0.90363630330751932, 19.909121426563289)
ate_score: 0.145672699453
sr: 0.997951492843





average score:
average_kitti_score: [4.453878791293632, 1.3768158064274716]
average_rpe_score: [0.9870980383671487, 20.152331213531948]
average_ate_score: 1.83235934469
average_sr: 0.999178462168
