japanese_Easy_P004_3.txt
kitti_score: (4.0269718248173767, 0.79213745716918282)
rpe_score: (1.1129721202082021, 12.920326307358653)
ate_score: 0.04044047596
sr: 0.972930283505



japanese_Easy_P004_1.txt
kitti_score: (4.0421717204262038, 0.78888348178361967)
rpe_score: (1.078613122070688, 12.783837906915192)
ate_score: 0.0443672905259
sr: 0.971641623711



japanese_Easy_P004_4.txt
kitti_score: (4.0304590022963325, 0.80064734426706874)
rpe_score: (1.0969633341073097, 13.036320168406251)
ate_score: 0.0493036006035
sr: 0.987105541237



japanese_Easy_P004_2.txt
kitti_score: (4.0720741708939734, 0.79935264264953765)
rpe_score: (1.0823579562885142, 13.251957496928581)
ate_score: 0.0328354323708
sr: 0.998703479381



japanese_Easy_P004_5.txt
kitti_score: (3.9910145265109231, 0.79799247910542848)
rpe_score: (1.1010750776480009, 12.960898885558684)
ate_score: 0.0361486687905
sr: 0.987105541237





average score:
average_kitti_score: [4.032538248988962, 0.7958026809949674]
average_rpe_score: [1.094396322064543, 12.990668153033472]
average_ate_score: 0.0406190936501
average_sr: 0.983497293814
