kitti_score: (4.9674492800189505, 1.1593934133508192)
rpe_score: (1.5750254989136534, 21.096108913743002)
ate_score: 0.292174369143
sr: 0.999996680585
