kitti_score: (4.1783861802110565, 1.0090086852428044)
rpe_score: (1.2027355452703348, 19.041729091493512)
ate_score: 0.35894629419
sr: 0.998090914286
