ocean_Easy_P001_3.txt
kitti_score: (4.8760265003637064, 1.1313241375021081)
rpe_score: (1.4061711238226258, 21.123629565708846)
ate_score: 0.379621835223
sr: 0.90813874739



ocean_Easy_P001_4.txt
kitti_score: (4.8486475178017336, 1.1454177865790802)
rpe_score: (1.3950756373975279, 21.303744152761404)
ate_score: 0.141684452109
sr: 0.912314050104



ocean_Easy_P001_2.txt
kitti_score: (4.7978450874730028, 1.1557042473380288)
rpe_score: (1.3840151544920647, 21.867020927837245)
ate_score: 0.150543144488
sr: 0.910226409186



ocean_Easy_P001_1.txt
kitti_score: (4.9039770176938333, 1.1388080037538313)
rpe_score: (1.4024320983504954, 21.56706633257923)
ate_score: 0.371733432519
sr: 0.90813874739



ocean_Easy_P001_5.txt
kitti_score: (5.2365646233752141, 1.168193740893289)
rpe_score: (1.5362097595303232, 22.817602991667627)
ate_score: 3.02228790146
sr: 0.916489457203





average score:
average_kitti_score: [4.932612149341499, 1.1478895832132676]
average_rpe_score: [1.4247807547186073, 21.73581279411087]
average_ate_score: 0.81317415316
average_sr: 0.911061482255
