kitti_score: (5.9704580236437295, 0.94852674124464198)
rpe_score: (1.5059542826538472, 13.010218723378546)
ate_score: 9.56567187619
sr: 0.321672304183
