kitti_score: (4.160075530601592, 1.0122194648473399)
rpe_score: (1.2499748714951637, 19.318193644407415)
ate_score: 0.749337941034
sr: 0.996186171429
