kitti_score: (6.7142473655918593, 0.79733319769423083)
rpe_score: (0.74669274592550239, 5.6614176106309575)
ate_score: 0.0365703532448
sr: 0.133492359952
