japanese_Easy_P003_4.txt
kitti_score: (4.4894963800485641, 0.6721800590716146)
rpe_score: (1.6300805510593157, 13.748342814369622)
ate_score: 0.369714334543
sr: 0.991648319428



japanese_Easy_P003_3.txt
kitti_score: (4.3919980045791229, 0.68019917541539754)
rpe_score: (1.6004205792776156, 13.751194952759159)
ate_score: 0.194602942397
sr: 0.991648319428



japanese_Easy_P003_1.txt
kitti_score: (4.2446050882073632, 0.69692493797329125)
rpe_score: (1.5925269738454271, 13.754979964044349)
ate_score: 0.0980835798758
sr: 0.979729368296



japanese_Easy_P003_2.txt
kitti_score: (4.3120857471651295, 0.67783554197233664)
rpe_score: (1.6113554669067962, 13.707021460331516)
ate_score: 0.346065764981
sr: 0.988072634088



japanese_Easy_P003_5.txt
kitti_score: (4.2369130452723365, 0.66319511967392997)
rpe_score: (1.6363613692585397, 13.850372874439042)
ate_score: 0.303466660362
sr: 0.992840190703





average score:
average_kitti_score: [4.335019653054504, 0.678066966821314]
average_rpe_score: [1.6141489880695388, 13.762382413188737]
average_ate_score: 0.262386656432
average_sr: 0.988787766389
