ocean_Hard_P002_2.txt
kitti_score: (3.5451570808982256, 0.96042465258681076)
rpe_score: (1.0211116182233688, 30.683860577313286)
ate_score: 0.498335021514
sr: 0.692183572568



ocean_Hard_P002_1.txt
kitti_score: (3.5325666042215422, 0.96447016397464846)
rpe_score: (1.0181566791880585, 31.083649331430589)
ate_score: 0.477310001624
sr: 0.677829505582



ocean_Hard_P002_3.txt
kitti_score: (3.4107314755230105, 1.0258645451857917)
rpe_score: (1.0099269448170147, 30.242743975880543)
ate_score: 0.372799197993
sr: 0.588515374801



ocean_Hard_P002_4.txt
kitti_score: (3.5378192912805764, 0.95584182458380262)
rpe_score: (1.0055407805263317, 30.264208409914367)
ate_score: 0.488021680716
sr: 0.693778437002



ocean_Hard_P002_5.txt
kitti_score: (3.5547434231395614, 1.040119009993528)
rpe_score: (0.99658251088645089, 28.68614697820869)
ate_score: 0.229842963461
sr: 0.569376602871





average score:
average_kitti_score: [3.5162035750125837, 0.9893440392649163]
average_rpe_score: [1.0102637067282447, 30.19212185454949]
average_ate_score: 0.413261773061
average_sr: 0.644336698565
