kitti_score: (3.0884010860136426, 0.83717371610765268)
rpe_score: (1.1286464508618255, 29.342192783846961)
ate_score: 0.0895092281219
sr: 0.998098032167
