soulcity_Easy_P002_4.txt
kitti_score: (18.294843411123949, 1.1237703095116731)
rpe_score: (1.390276395974585, 5.6078579448452883)
ate_score: 0.0339385733709
sr: 0.212337949183



soulcity_Easy_P002_3.txt
kitti_score: (19.285480927668605, 1.4699250549988954)
rpe_score: (0.86368612670117206, 3.9756371416420646)
ate_score: 0.0283876328263
sr: 0.0980021415608





average score:
average_kitti_score: [18.790162169396275, 1.2968476822552844]
average_rpe_score: [1.1269812613378785, 4.791747543243677]
average_ate_score: 0.0311631030986
average_sr: 0.155170045372
