japanese_Easy_P003_4.txt
kitti_score: (4.2760176574112307, 0.67216617643465482)
rpe_score: (1.6123436988975197, 13.850345288744071)
ate_score: 0.349022961578
sr: 0.989264529201



japanese_Easy_P003_3.txt
kitti_score: (4.2480989287110642, 0.66522720434082339)
rpe_score: (1.5981808242852886, 13.782194521659989)
ate_score: 0.646855088161
sr: 0.990456424315



japanese_Easy_P003_1.txt
kitti_score: (4.4334709674681241, 0.67319845949969725)
rpe_score: (1.6632884768132441, 13.820049287951971)
ate_score: 0.237405122819
sr: 0.992840214541



japanese_Easy_P003_2.txt
kitti_score: (4.0884078441690743, 0.68001308354653467)
rpe_score: (1.538365482260553, 13.799231234591591)
ate_score: 0.205280655795
sr: 0.959467139452



japanese_Easy_P003_5.txt
kitti_score: (4.3924044535685702, 0.67541645175208953)
rpe_score: (1.6191867421010231, 13.793274197956748)
ate_score: 0.26331913922
sr: 0.994032085816





average score:
average_kitti_score: [4.2876799702656125, 0.6732042751147599]
average_rpe_score: [1.6062730448715257, 13.809018906180873]
average_ate_score: 0.340376593514
average_sr: 0.985212078665
