japanese_Hard_P002_2.txt
kitti_score: (2.1466449850012652, 0.65424723038181476)
rpe_score: (0.85658897778037768, 14.682515003988698)
ate_score: 0.0533179232375
sr: 0.979486897436



japanese_Hard_P002_4.txt
kitti_score: (2.1557641894962334, 0.64211484593514356)
rpe_score: (0.82986569178639802, 14.497122001285623)
ate_score: 0.0899612765165
sr: 0.976922846154



japanese_Hard_P002_3.txt
kitti_score: (2.1619098083866346, 0.65507833793482528)
rpe_score: (0.9966970985174165, 15.32390992625928)
ate_score: 0.845499674842
sr: 0.994871282051



japanese_Hard_P002_1.txt
kitti_score: (2.1765834897660765, 0.66705307855869611)
rpe_score: (0.82204013169640999, 15.024105368317844)
ate_score: 0.0818575852468
sr: 0.979486897436



japanese_Hard_P002_5.txt
kitti_score: (2.1735364981222869, 0.68705269874878616)
rpe_score: (0.89620659609981812, 15.258040682547579)
ate_score: 0.110250078033
sr: 0.997435358974





average score:
average_kitti_score: [2.162887794154499, 0.6611092383118532]
average_rpe_score: [0.8802796991760842, 14.957138596479805]
average_ate_score: 0.236177307575
average_sr: 0.98564065641
