rot:
  max: 121.81506023463841
  mean: 120.22695609767682
  median: 120.11915064855745
  min: 119.11036123492401
  num_samples: 128
  rmse: 120.22907087522795
  std: 0.7130995778164606
scale:
  max: 9.519993852980345
  mean: 1.380438305754967
  median: 0.5725638735111449
  min: 0.015472888794287876
  num_samples: 128
  rmse: 2.5090368400087244
  std: 2.0951505789621225
trans:
  max: 0.3539245314715406
  mean: 0.12886315560188247
  median: 0.12103329757676244
  min: 0.008133068880397734
  num_samples: 128
  rmse: 0.1551073522676718
  std: 0.08632831433436347
