soulcity_Easy_P004_1.txt
kitti_score: (4.4606282087702951, 0.85339526463044213)
rpe_score: (1.188470716083315, 10.43182503724975)
ate_score: 0.655596528299
sr: 0.239288715084



soulcity_Easy_P004_3.txt
kitti_score: (5.7784130105437344, 0.9436052388948537)
rpe_score: (0.85948334491574019, 6.7954560059646125)
ate_score: 0.0543040963563
sr: 0.124765325885



soulcity_Easy_P004_4.txt
kitti_score: (5.344265983074421, 0.91734227806290725)
rpe_score: (0.82804600284503826, 6.8121729132292517)
ate_score: 0.0311075596252
sr: 0.123834236499



soulcity_Easy_P004_5.txt
kitti_score: (4.8693952164273107, 0.94953540200514497)
rpe_score: (0.75461758302722992, 6.8595873612786447)
ate_score: 0.0308054145295
sr: 0.121040986965



soulcity_Easy_P004_2.txt
kitti_score: (5.5179488429054082, 0.91819638789380109)
rpe_score: (0.85662248432301646, 6.7384286176494772)
ate_score: 0.0225707439983
sr: 0.124765325885





average score:
average_kitti_score: [5.194130252344234, 0.9164149142974299]
average_rpe_score: [0.897448026238868, 7.5274939870743465]
average_ate_score: 0.158876868562
average_sr: 0.146738918063
