japanese_Hard_P001_5.txt
kitti_score: (4.5044080715606407, 0.95414763029620875)
rpe_score: (1.7522525274017775, 29.292143104861914)
ate_score: 5.44258683836
sr: 0.963183742331



japanese_Hard_P001_1.txt
kitti_score: (3.2849658711502436, 0.65942681520038193)
rpe_score: (0.78279487395720415, 9.5678620213430143)
ate_score: 0.0423564668923
sr: 0.378835291411



japanese_Hard_P001_2.txt
kitti_score: (3.3964797908249822, 0.66865701107658848)
rpe_score: (0.79412082160317243, 9.648967157522204)
ate_score: 0.0431064737991
sr: 0.37730154908



japanese_Hard_P001_3.txt
kitti_score: (3.2425478134960377, 0.60767592610278842)
rpe_score: (0.79936467397886335, 8.8162689324105479)
ate_score: 0.068413587527
sr: 0.372700352761



japanese_Hard_P001_4.txt
kitti_score: (3.3787923404252123, 0.6517879007035241)
rpe_score: (0.80357337588523081, 9.6951186417671611)
ate_score: 0.0539509073036
sr: 0.383436533742





average score:
average_kitti_score: [3.5614387774914236, 0.7083390566758982]
average_rpe_score: [0.9864212545652495, 13.40407197158097]
average_ate_score: 1.13008285478
average_sr: 0.495091493865
