kitti_score: (4.2369130452723365, 0.66319511967392997)
rpe_score: (1.6292725503813399, 13.989316710703017)
ate_score: 0.303466660362
sr: 0.992840190703
