ocean_Easy_P000_3.txt
kitti_score: (5.6109885909280104, 0.99143810156580892)
rpe_score: (1.38161742894593, 14.115492853909032)
ate_score: 1.40423611716
sr: 0.306463224335



ocean_Easy_P000_2.txt
kitti_score: (5.9704580236437295, 0.94852674124464198)
rpe_score: (1.5107624217491229, 13.033550424525329)
ate_score: 9.56567187619
sr: 0.321672304183



ocean_Easy_P000_4.txt
kitti_score: (5.5872146585160021, 1.0299921462049788)
rpe_score: (1.3923712296691548, 14.665838150045083)
ate_score: 0.992572135833
sr: 0.315588692015



ocean_Easy_P000_1.txt
kitti_score: (5.6850719024992609, 1.0496870293413263)
rpe_score: (1.4182463571346338, 15.098286656855416)
ate_score: 0.361132771256
sr: 0.313307285171



ocean_Easy_P000_5.txt
kitti_score: (5.5811298029409766, 1.0533464297637389)
rpe_score: (1.4045463011318442, 15.312720420209395)
ate_score: 0.899611135543
sr: 0.317870022814





average score:
average_kitti_score: [5.686972595705596, 1.014598089624099]
average_rpe_score: [1.421508747726137, 14.44517770110885]
average_ate_score: 2.6446448072
average_sr: 0.314980305703
