ocean_Hard_P000_5.txt
kitti_score: (4.8557139740774131, 0.89065074840058622)
rpe_score: (1.4562038325187296, 13.635718301687017)
ate_score: 0.0656435446111
sr: 0.274097208835



ocean_Hard_P000_2.txt
kitti_score: (4.8758988411214057, 0.89529769653202362)
rpe_score: (1.4542105237205258, 13.7897023936126)
ate_score: 0.0881138835586
sr: 0.276105230924



ocean_Hard_P000_1.txt
kitti_score: (4.8051489077085634, 0.88420649990222944)
rpe_score: (1.494539245821257, 13.683340996187658)
ate_score: 0.11326203702
sr: 0.286145431727



ocean_Hard_P000_3.txt
kitti_score: (4.302652254707831, 1.1077793759590995)
rpe_score: (0.9237577931391372, 11.721864601783594)
ate_score: 0.0796301266798
sr: 0.228916315261



ocean_Hard_P000_4.txt
kitti_score: (4.5081638846052066, 1.0228752203108589)
rpe_score: (1.1116497207434919, 13.049004563072236)
ate_score: 0.0796217412083
sr: 0.247992680723





average score:
average_kitti_score: [4.669515572444084, 0.9601619082209595]
average_rpe_score: [1.2880722231886281, 13.17592617126862]
average_ate_score: 0.0852542666155
average_sr: 0.262651373494
