kitti_score: (4.3585567813151203, 1.1072771136833859)
rpe_score: (1.3205024186421606, 29.896210230533192)
ate_score: 3.02182325242
sr: 0.99999351227
