kitti_score: (3.9706265814616319, 1.391712266421316)
rpe_score: (0.92315346188835756, 20.497359820400586)
ate_score: 0.10663113397
sr: 0.997951492843
