soulcity_Easy_P003_1.txt
kitti_score: (2.947125747714253, 1.5577274160810182)
rpe_score: (0.57619794562220505, 14.281772052096771)
ate_score: 0.137798302126
sr: 0.520893342618



soulcity_Easy_P003_5.txt
kitti_score: (2.8402830932986602, 1.5508678004441483)
rpe_score: (0.55586112218636563, 14.011774068633994)
ate_score: 0.151447979104
sr: 0.520893342618



soulcity_Easy_P003_2.txt
kitti_score: (8.4022581902878049, 1.2748000284699395)
rpe_score: (0.52333294349297865, 3.7056143530488246)
ate_score: 0.0273308097224
sr: 0.247911810585



soulcity_Easy_P003_3.txt
kitti_score: (3.2141200526527882, 1.5447005702348124)
rpe_score: (0.55606170824749757, 14.017009067440346)
ate_score: 0.205501518441
sr: 0.518107827298



soulcity_Easy_P003_4.txt
kitti_score: (1.3970925916309664, 1.5490223833109034)
rpe_score: (0.17220733571941532, 11.201085903673837)
ate_score: 0.0636474961975
sr: 0.220056545961





average score:
average_kitti_score: [3.7601759351168944, 1.4954236397081644]
average_rpe_score: [0.47673221105369246, 11.443451088978755]
average_ate_score: 0.117145221118
average_sr: 0.405572573816
