soulcity_Hard_P003_3.txt
kitti_score: (4.2719842319836046, 0.92134926783257876)
rpe_score: (1.2639360017004688, 13.568925149183645)
ate_score: 0.0787985152484
sr: 0.422392531807



soulcity_Hard_P003_1.txt
kitti_score: (4.3041931306714121, 0.93784525809003405)
rpe_score: (1.311173899362692, 13.91706257598103)
ate_score: 0.0722904650633
sr: 0.424937022901



soulcity_Hard_P003_2.txt
kitti_score: (4.2920095662359969, 0.9259229271760494)
rpe_score: (1.2799357621296852, 13.592404210180506)
ate_score: 0.0684320834797
sr: 0.421120229008



soulcity_Hard_P003_5.txt
kitti_score: (4.2957291996857121, 0.94630063078601356)
rpe_score: (1.2834673972922632, 14.001563119084702)
ate_score: 0.172348117725
sr: 0.428753816794



soulcity_Hard_P003_4.txt
kitti_score: (4.3606049502158726, 0.93991869476803802)
rpe_score: (1.296109621425015, 14.033307280011162)
ate_score: 0.0627271942238
sr: 0.424937022901





average score:
average_kitti_score: [4.30490421575852, 0.9342673557305428]
average_rpe_score: [1.2869245363820248, 13.82265246688821]
average_ate_score: 0.0909192751481
average_sr: 0.424428124682
