soulcity_Hard_P004_4.txt
kitti_score: (5.6236336249247385, 0.68013260259551256)
rpe_score: (1.0459054865061328, 7.9240681516760683)
ate_score: 0.0879959868303
sr: 0.144599355401



soulcity_Hard_P004_3.txt
kitti_score: (1.2320208607500263, 1.6153051943938896)
rpe_score: (0.10838289993297673, 6.7887630636605456)
ate_score: 0.0649285052249
sr: 0.0749131707317



soulcity_Hard_P004_2.txt
kitti_score: (3.7951901108765131, 1.4382294343672894)
rpe_score: (0.43634955430463962, 7.6821089709622763)
ate_score: 0.0634188365316
sr: 0.0574913763066



soulcity_Hard_P004_1.txt
kitti_score: (3.5671606591648235, 1.442735394977279)
rpe_score: (0.42430412885797852, 7.8267013733083424)
ate_score: 0.052188626131
sr: 0.0574913763066



soulcity_Hard_P004_5.txt
kitti_score: (3.6015675910601268, 1.4235250351535951)
rpe_score: (0.43728122386804136, 7.9260315919738984)
ate_score: 0.0374801074663
sr: 0.0574913763066





average score:
average_kitti_score: [3.5639145693552456, 1.3199855322975131]
average_rpe_score: [0.4904446586939538, 7.629534630316226]
average_ate_score: 0.0612024124368
average_sr: 0.0783973310105
