soulcity_Hard_P002_5.txt
kitti_score: (4.5767064249602338, 1.3202961656240511)
rpe_score: (1.2183711609619527, 27.107174030420115)
ate_score: 9.59723260195
sr: 0.949995428571



soulcity_Hard_P002_3.txt
kitti_score: (5.1748701622101132, 1.3527482382322453)
rpe_score: (1.1434947175887569, 16.098242366012688)
ate_score: 0.179548938745
sr: 0.683927964286



soulcity_Hard_P002_4.txt
kitti_score: (5.4997885481551743, 1.4673784357842139)
rpe_score: (1.2437885709211784, 17.933051668478818)
ate_score: 2.41551132415
sr: 0.683928017857



soulcity_Hard_P002_1.txt
kitti_score: (5.2693824023739584, 1.3576282274721694)
rpe_score: (1.1557526326504557, 16.605395412196561)
ate_score: 0.145816214958
sr: 0.687499392857



soulcity_Hard_P002_2.txt
kitti_score: (4.9503318792113715, 1.3463332747630452)
rpe_score: (1.1634018651067488, 17.245730472937961)
ate_score: 0.17560628527
sr: 0.692856535714





average score:
average_kitti_score: [5.09421588338217, 1.3688768683751449]
average_rpe_score: [1.1849617894458184, 18.99791879000923]
average_ate_score: 2.50274307301
average_sr: 0.739641467857
