kitti_score: (4.2216712486147037, 1.2738197055051896)
rpe_score: (0.83134418817844302, 15.310443510608874)
ate_score: 0.680451148456
sr: 0.348077596154
