kitti_score: (5.2936740627271437, 1.3812892390268172)
rpe_score: (1.1796712110560355, 20.781026796078244)
ate_score: 3.37684816979
sr: 0.999996441718
