soulcity_Hard_P004_4.txt
kitti_score: (5.6621410044653446, 1.4977732871523111)
rpe_score: (0.44479339970922255, 7.3165909804162697)
ate_score: 0.0333752308753
sr: 0.0557491986063



soulcity_Hard_P004_3.txt
kitti_score: (5.6846225636254379, 1.5199009668574668)
rpe_score: (0.44007191557881903, 7.5733783765568665)
ate_score: 0.0422859799483
sr: 0.0557491986063



soulcity_Hard_P004_2.txt
kitti_score: (3.3041593150145241, 1.5462818803461573)
rpe_score: (0.90225214323937841, 26.893834668302215)
ate_score: 0.295460004513
sr: 0.256098344948



soulcity_Hard_P004_1.txt
kitti_score: (5.2355004932413873, 1.5237884453333197)
rpe_score: (0.39996701707716603, 7.0197509640711262)
ate_score: 0.0280943995325
sr: 0.0540070383275



soulcity_Hard_P004_5.txt
kitti_score: (5.6585328466570006, 1.3271911665026808)
rpe_score: (0.59878003483745901, 8.7508062044001047)
ate_score: 0.0478773290254
sr: 0.0714286585366





average score:
average_kitti_score: [5.108991244600738, 1.4829871492383873]
average_rpe_score: [0.5571729020884091, 11.510872238749318]
average_ate_score: 0.0894185887789
average_sr: 0.0986064878049
