kitti_score: (3.8171435566159246, 1.0228575860575786)
rpe_score: (1.4752580271711482, 34.144393363132785)
ate_score: 2.70972548304
sr: 0.786281020734
