japanese_Hard_P003_5.txt
kitti_score: (2.7541951900969259, 0.62274997500555185)
rpe_score: (1.0333961484942364, 11.025686185429691)
ate_score: 0.0918848280116
sr: 0.993509090909



japanese_Hard_P003_4.txt
kitti_score: (2.7480722603066905, 0.62620549080831966)
rpe_score: (1.0158440924103662, 11.17769489201903)
ate_score: 0.122986612612
sr: 0.996755876623



japanese_Hard_P003_2.txt
kitti_score: (2.7363331384855059, 0.6168349194112428)
rpe_score: (1.0333097644316052, 10.931418630650617)
ate_score: 1.67216482029
sr: 1.00000262987



japanese_Hard_P003_3.txt
kitti_score: (2.6914236714530864, 0.60837688518513533)
rpe_score: (1.0065687045669995, 10.732991120838438)
ate_score: 1.2844666687
sr: 1.00000262987



japanese_Hard_P003_1.txt
kitti_score: (2.7869016044460939, 0.61080847256122239)
rpe_score: (1.0423262060321663, 10.808134096193085)
ate_score: 0.0897542513916
sr: 0.990262337662





average score:
average_kitti_score: [2.74338517295766, 0.6169951485942944]
average_rpe_score: [1.0262889831870747, 10.935184985026172]
average_ate_score: 0.652251436201
average_sr: 0.996106512987
