soulcity_Easy_P004_1.txt
kitti_score: (5.5785881572385003, 1.4440007920622573)
rpe_score: (1.0070512507615514, 15.550180198189008)
ate_score: 0.142262366718
sr: 0.213222411546



soulcity_Easy_P004_3.txt
kitti_score: (5.6065835336000864, 0.9482558361275063)
rpe_score: (1.2120317469018804, 11.273483035312029)
ate_score: 0.0431015495833
sr: 0.166664115456



soulcity_Easy_P004_4.txt
kitti_score: (5.7744946288192978, 0.91812763473032311)
rpe_score: (0.90209967423124804, 7.0871007763306988)
ate_score: 0.0195192638203
sr: 0.125696405959



soulcity_Easy_P004_5.txt
kitti_score: (5.5809377522833303, 0.9682984395810762)
rpe_score: (1.2061485993186052, 11.527997753915473)
ate_score: 0.033089991698
sr: 0.166664115456



soulcity_Easy_P004_2.txt
kitti_score: (7.8678030669098407, 1.6543934061875205)
rpe_score: (0.42044435451884493, 5.4323650713600156)
ate_score: 0.049337519788
sr: 0.0372440875233





average score:
average_kitti_score: [6.081681427770211, 1.1866152217377368]
average_rpe_score: [0.9495551251464261, 10.174225367021446]
average_ate_score: 0.0574621383214
average_sr: 0.141898227188
