kitti_score: (3.9903202952291599, 0.80148447585033566)
rpe_score: (1.122131398613478, 13.235911617193324)
ate_score: 0.0356276976315
sr: 0.998703479381
