japanese_Easy_P004_3.txt
kitti_score: (3.8258660324070095, 0.78016006028050733)
rpe_score: (1.091491137278551, 12.912685553387286)
ate_score: 0.0522805121894
sr: 0.989682860825



japanese_Easy_P004_1.txt
kitti_score: (3.9348410738701021, 0.8043262216791579)
rpe_score: (1.1729858742301835, 13.234549556495937)
ate_score: 1.9386945492
sr: 0.999992113402



japanese_Easy_P004_4.txt
kitti_score: (3.7708275327957042, 0.72795070903354342)
rpe_score: (1.1374908137696527, 11.931566077119736)
ate_score: 3.30309938652
sr: 0.990971494845



japanese_Easy_P004_2.txt
kitti_score: (3.8586465447225877, 0.78060482994874747)
rpe_score: (1.0978764816280426, 12.990255531444811)
ate_score: 0.0662369122144
sr: 0.989682860825



japanese_Easy_P004_5.txt
kitti_score: (3.8389465073181026, 0.83032345240237837)
rpe_score: (1.1365358536319101, 13.408873789292745)
ate_score: 2.07440194279
sr: 0.989682860825





average score:
average_kitti_score: [3.8458255382227016, 0.7846730546688668]
average_rpe_score: [1.1272760321076682, 12.895586101548101]
average_ate_score: 1.48694266058
average_sr: 0.992002438144
