soulcity_Easy_P001_5.txt
kitti_score: (12.257789890479831, 1.88050827086452)
rpe_score: (0.67701770443375242, 5.9565197148246858)
ate_score: 0.130641968824
sr: 0.107209260628



soulcity_Easy_P001_1.txt
kitti_score: (7.9046721436098313, 1.4839183658084369)
rpe_score: (0.54863391232347503, 3.0531684897526552)
ate_score: 0.101044432753
sr: 0.0748616543438



soulcity_Easy_P001_2.txt
kitti_score: (5.8896701807665446, 1.1056907777875589)
rpe_score: (0.37918696579737821, 2.6003989006301071)
ate_score: 0.0767824874082
sr: 0.0924200277264



soulcity_Easy_P001_3.txt
kitti_score: (4.9734715991803329, 1.2577089496880405)
rpe_score: (0.86207016211737886, 9.0241295656153628)
ate_score: 0.117684870291
sr: 0.172828438078



soulcity_Easy_P001_4.txt
kitti_score: (5.3099709560780211, 1.6131782012601097)
rpe_score: (0.8507487477916813, 10.622169980542022)
ate_score: 0.0548881652307
sr: 0.17190422366





average score:
average_kitti_score: [7.2671149540229125, 1.468200913081733]
average_rpe_score: [0.6635314984927332, 6.251277330272966]
average_ate_score: 0.0962083849013
average_sr: 0.123844720887
