kitti_score: (4.2191183700506709, 0.89831449247082396)
rpe_score: (1.5627963715251714, 23.728371945785831)
ate_score: 0.0766538180458
sr: 1.00000058172
