japanese_Easy_P001_3.txt
kitti_score: (4.666049621598348, 1.0776518952664076)
rpe_score: (0.16779547381850632, 2.5476376233437499)
ate_score: 0.440109656281
sr: 0.0245979186377



japanese_Easy_P001_4.txt
kitti_score: (3.2201958283976979, 0.94900564317960534)
rpe_score: (0.15133287804480397, 2.6643847560445666)
ate_score: 0.5140475809
sr: 0.0283822043519



japanese_Easy_P001_5.txt
kitti_score: (2.5511467573386657, 1.0348963238662163)
rpe_score: (0.12465799866787708, 2.6098682339385522)
ate_score: 0.224305283757
sr: 0.0264900567644



japanese_Easy_P001_2.txt
kitti_score: (nan, nan)
rpe_score: (0.089495614870887155, 1.5133387876008486)
ate_score: 0.114744207577
sr: 0.0179754020814



japanese_Easy_P001_1.txt
kitti_score: (2.9162872143925558, 1.0328728736337676)
rpe_score: (0.14731897048603809, 2.8577075361399382)
ate_score: 0.248958660611
sr: 0.0293282781457





average score:
average_kitti_score: [3.338419855431817, 1.0236066839864992]
average_rpe_score: [0.14777633025430637, 2.6698995373667014]
average_ate_score: 0.356855295387
average_sr: 0.0271996144749
