kitti_score: (4.5112852446481781, 0.99718520289771151)
rpe_score: (1.5535239113660155, 15.336908563741483)
ate_score: 0.708640379935
sr: 0.351406004016
