ocean_Easy_P004_2.txt
kitti_score: (4.8811823350674786, 0.85348016693636719)
rpe_score: (1.3694389274732088, 13.710110615215299)
ate_score: 0.0474465023391
sr: 0.373870252252



ocean_Easy_P004_5.txt
kitti_score: (4.6620674414362657, 0.86817754641867118)
rpe_score: (1.3919753546913423, 14.194248916067925)
ate_score: 0.0503836584524
sr: 0.389185621622



ocean_Easy_P004_4.txt
kitti_score: (8.4441380946095048, 1.5792215890813917)
rpe_score: (0.69064380521879531, 6.2703888093666773)
ate_score: 0.41871609144
sr: 0.0837838018018



ocean_Easy_P004_3.txt
kitti_score: (9.7494908551143737, 1.670747872204305)
rpe_score: (0.51846692033758512, 4.2814209755360801)
ate_score: 0.0697445747091
sr: 0.0594594234234



ocean_Easy_P004_1.txt
kitti_score: (9.6319433575462643, 1.6147578078650215)
rpe_score: (0.57479665887774622, 4.4240714070723701)
ate_score: 0.177849113159
sr: 0.0603603153153





average score:
average_kitti_score: [7.473764416754777, 1.317276996501151]
average_rpe_score: [0.9090643333197356, 8.57604814465167]
average_ate_score: 0.15282798802
average_sr: 0.193331882883
